500, 0.691672
501.001, 0.69092
502.001, 0.691311
503.002, 0.691073
504.003, 0.690825
505.003, 0.69122
506.004, 0.690502
507.005, 0.691154
508.005, 0.690456
509.006, 0.690877
510.007, 0.690605
511.007, 0.690533
512.008, 0.690796
513.009, 0.690278
514.009, 0.690913
515.01, 0.690196
516.011, 0.690926
517.011, 0.690291
518.012, 0.690871
519.013, 0.690522
520.013, 0.690812
521.014, 0.690836
522.015, 0.690812
523.015, 0.691196
524.016, 0.690911
525.017, 0.69159
526.017, 0.691131
527.018, 0.692023
528.019, 0.691482
529.019, 0.692514
530.02, 0.691964
531.021, 0.69309
532.021, 0.692582
533.022, 0.69378
534.023, 0.693341
535.023, 0.694615
536.024, 0.694255
537.025, 0.695627
538.025, 0.695345
539.026, 0.696853
540.027, 0.69664
541.027, 0.698338
542.028, 0.698185
543.029, 0.700133
544.029, 0.700036
545.03, 0.702308
546.031, 0.70228
547.031, 0.70495
548.032, 0.705038
549.033, 0.708184
550.033, 0.708496
551.034, 0.712193
552.035, 0.71295
553.035, 0.717275
554.036, 0.718905
555.037, 0.723979
556.037, 0.727345
557.038, 0.733547
558.039, 0.740758
559.039, 0.750302
560.04, 0.774138
561.041, 0.769569
562.041, 0.779299
563.042, 0.761109
564.043, 0.735676
565.043, 0.756491
566.044, 0.757186
567.045, 0.75234
568.045, 0.739657
569.046, 0.723568
570.047, 0.724711
571.047, 0.732913
572.048, 0.738366
573.049, 0.736253
574.049, 0.731895
575.05, 0.724131
576.051, 0.717376
577.051, 0.713693
578.052, 0.715311
579.053, 0.719881
580.053, 0.723861
581.054, 0.725584
582.055, 0.723987
583.055, 0.722275
584.056, 0.718516
585.057, 0.714951
586.057, 0.712057
587.058, 0.711596
588.059, 0.715703
589.059, 0.719977
590.06, 0.721856
591.061, 0.722632
592.061, 0.725216
593.062, 0.72465
594.063, 0.721433
595.063, 0.720542
596.064, 0.72058
597.065, 0.72216
598.065, 0.723244
599.066, 0.724691
600.067, 0.727496
601.067, 0.729613
602.068, 0.731962
603.069, 0.732451
604.069, 0.732297
605.07, 0.732473
606.071, 0.73209
607.071, 0.733183
608.072, 0.733924
609.073, 0.735085
610.073, 0.737081
611.074, 0.738261
612.075, 0.740349
613.075, 0.741475
614.076, 0.742028
615.077, 0.743177
616.077, 0.743234
617.078, 0.744307
618.079, 0.745413
619.079, 0.746035
620.08, 0.747862
621.081, 0.748681
622.081, 0.749735
623.082, 0.751167
624.083, 0.751305
625.083, 0.752401
626.084, 0.753102
627.085, 0.753307
628.085, 0.754809
629.086, 0.755379
630.087, 0.756309
631.087, 0.757968
632.088, 0.758323
633.089, 0.759523
634.089, 0.760564
635.09, 0.760505
636.091, 0.761623
637.091, 0.761989
638.092, 0.761943
639.093, 0.763163
640.093, 0.763297
641.094, 0.763704
642.095, 0.765093
643.095, 0.765175
644.096, 0.765982
645.097, 0.767255
646.097, 0.767145
647.098, 0.768043
648.099, 0.768921
649.099, 0.768535
650.1, 0.76938
651.101, 0.769867
652.101, 0.769338
653.102, 0.770206
654.103, 0.770492
655.103, 0.770005
656.104, 0.770997
657.105, 0.771232
658.105, 0.77085
659.106, 0.77195
660.107, 0.772153
661.107, 0.771789
662.108, 0.772886
663.109, 0.773
664.109, 0.772522
665.11, 0.773507
666.111, 0.77351
667.111, 0.772841
668.112, 0.773674
669.113, 0.773627
670.113, 0.772777
671.114, 0.773476
672.115, 0.773498
673.115, 0.772523
674.116, 0.773107
675.117, 0.773308
676.117, 0.772271
677.118, 0.772705
678.119, 0.773144
679.119, 0.772095
680.12, 0.77228
681.121, 0.772941
682.121, 0.771939
683.122, 0.771749
684.123, 0.772547
685.123, 0.771685
686.124, 0.771027
687.125, 0.771812
688.125, 0.771224
689.126, 0.770104
690.127, 0.770679
691.127, 0.770497
692.128, 0.769064
693.129, 0.769207
694.129, 0.76948
695.13, 0.768026
696.131, 0.767556
697.131, 0.768161
698.132, 0.767056
699.133, 0.765934
700.133, 0.766541
701.134, 0.766092
702.135, 0.764521
703.135, 0.764673
704.136, 0.764938
705.137, 0.763374
706.137, 0.762704
707.138, 0.76336
708.139, 0.762355
709.139, 0.760854
710.14, 0.761251
711.141, 0.761125
712.141, 0.75929
713.142, 0.758776
714.143, 0.759298
715.143, 0.757935
716.144, 0.756346
717.145, 0.756716
718.145, 0.756393
719.146, 0.754341
720.147, 0.753684
721.147, 0.754158
722.148, 0.752721
723.149, 0.750865
724.149, 0.751077
725.15, 0.750903
726.151, 0.74875
727.151, 0.747676
728.152, 0.748208
729.153, 0.747078
730.153, 0.744847
731.154, 0.744635
732.155, 0.744884
733.155, 0.742921
734.156, 0.741115
735.157, 0.74148
736.157, 0.741058
737.158, 0.738611
738.159, 0.737449
739.159, 0.737989
740.16, 0.736778
741.161, 0.734203
742.161, 0.733667
743.162, 0.734042
744.163, 0.732116
745.163, 0.72967
746.164, 0.729614
747.165, 0.729621
748.165, 0.727143
749.166, 0.724953
750.167, 0.725205
751.167, 0.724775
752.168, 0.721909
753.169, 0.719999
754.169, 0.720419
755.17, 0.719576
756.171, 0.716445
757.171, 0.714769
758.172, 0.715268
759.173, 0.714087
760.173, 0.710758
761.174, 0.709227
762.175, 0.709764
763.175, 0.708345
764.176, 0.704836
765.177, 0.703334
766.177, 0.703897
767.178, 0.702352
768.179, 0.698648
769.179, 0.697036
770.18, 0.697624
771.181, 0.696079
772.181, 0.692158
773.182, 0.690271
774.183, 0.690871
775.183, 0.689471
776.184, 0.68533
777.185, 0.68298
778.185, 0.683535
779.186, 0.682443
780.187, 0.678137
781.187, 0.67512
782.188, 0.675491
783.189, 0.674871
784.189, 0.670553
785.19, 0.666677
786.191, 0.666608
787.191, 0.666578
788.192, 0.662527
789.193, 0.657677
790.193, 0.656767
791.194, 0.657309
792.195, 0.653934
793.195, 0.648172
794.196, 0.645894
795.197, 0.646735
796.197, 0.644505
797.198, 0.638192
798.199, 0.634005
799.199, 0.634479
800.2, 0.633739
801.201, 0.627626
802.201, 0.621207
803.202, 0.620204
804.203, 0.620854
805.203, 0.616034
806.204, 0.607623
807.205, 0.603723
808.205, 0.604808
809.206, 0.602367
810.207, 0.593112
811.207, 0.585052
812.208, 0.584412
813.209, 0.584671
814.209, 0.576688
815.21, 0.564164
816.211, 0.55843
817.211, 0.559697
818.212, 0.555384
819.213, 0.539964
820.213, 0.525024
821.214, 0.521617
822.215, 0.521208
823.215, 0.506324
824.216, 0.476207
825.217, 0.446769
826.217, 0.422502
827.218, 0.384977
828.219, 0.322423
829.219, 0.260294
830.22, 0.240767
831.221, 0.267691
832.221, 0.290752
833.222, 0.260596
834.223, 0.192077
835.223, 0.152708
836.224, 0.183124
837.225, 0.244596
838.225, 0.259919
839.226, 0.201245
840.227, 0.121666
841.227, 0.0955169
842.228, 0.1389
843.229, 0.198885
844.229, 0.214942
845.23, 0.177706
846.231, 0.125725
847.231, 0.0978644
848.232, 0.100603
849.233, 0.117128
850.233, 0.132715
851.234, 0.14291
852.235, 0.144435
853.235, 0.131422
854.236, 0.10494
855.237, 0.0795542
856.237, 0.0727883
857.238, 0.0873739
858.239, 0.107676
859.239, 0.115136
860.24, 0.105205
861.241, 0.0881156
862.241, 0.0758538
863.242, 0.0718326
864.243, 0.0725525
865.243, 0.0747211
866.244, 0.0774084
867.245, 0.0788467
868.245, 0.0755
869.246, 0.0664433
870.247, 0.0568218
871.247, 0.0540264
872.248, 0.0597465
873.249, 0.0673316
874.249, 0.0682231
875.25, 0.0604949
876.251, 0.0500908
877.252, 0.0439925
878.252, 0.0435432
879.253, 0.0449822
880.254, 0.0451874
881.254, 0.04503
882.255, 0.0467668
883.256, 0.0496722
884.256, 0.0499289
885.257, 0.0450009
886.258, 0.0369806
887.258, 0.0307311
888.259, 0.0290008
889.26, 0.0301675
890.26, 0.0308992
891.261, 0.0302064
892.262, 0.0300787
893.262, 0.0323064
894.263, 0.0356348
895.264, 0.0367549
896.264, 0.0339038
897.265, 0.0288043
898.266, 0.0247514
899.266, 0.0231628
900.267, 0.022527
901.268, 0.0207309
902.268, 0.0178584
903.269, 0.0161986
904.27, 0.0175632
905.27, 0.0210852
906.271, 0.0240002
907.272, 0.0244667
908.272, 0.0232523
909.273, 0.0225179
910.274, 0.0232085
911.274, 0.0240053
912.275, 0.0229168
913.276, 0.0196292
914.276, 0.0159902
915.277, 0.0141461
916.278, 0.0144202
917.278, 0.0152065
918.279, 0.01489
919.28, 0.0136388
920.28, 0.0131576
921.281, 0.0147526
922.282, 0.017841
923.282, 0.0204808
924.283, 0.0213033
925.284, 0.0207875
926.284, 0.0205853
927.285, 0.0216854
928.286, 0.0233689
929.286, 0.0240041
930.287, 0.0227892
931.288, 0.0206137
932.288, 0.0191823
933.289, 0.019349
934.29, 0.0203707
935.29, 0.0207926
936.291, 0.0200083
937.292, 0.0189002
938.292, 0.0189492
939.293, 0.0207522
940.294, 0.0234392
941.294, 0.0255369
942.295, 0.0263846
943.296, 0.0266995
944.296, 0.0277749
945.297, 0.0301437
946.298, 0.0330249
947.298, 0.0350651
948.299, 0.0356211
949.3, 0.0353355
950.3, 0.0354824
951.301, 0.0367426
952.302, 0.0385902
953.302, 0.0398457
954.303, 0.0398362
955.304, 0.0390518
956.304, 0.0386988
957.305, 0.0395981
958.306, 0.0414684
959.306, 0.0432434
960.307, 0.0440967
961.308, 0.044212
962.308, 0.0446018
963.309, 0.046169
964.31, 0.0488849
965.31, 0.0518235
966.311, 0.0539969
967.312, 0.05522
968.312, 0.0562329
969.313, 0.0579959
970.314, 0.0608079
971.314, 0.0640335
972.315, 0.0666609
973.316, 0.0681798
974.316, 0.0690016
975.317, 0.0700723
976.318, 0.0720358
977.318, 0.0746837
978.319, 0.0771567
979.32, 0.0787026
980.32, 0.0793266
981.321, 0.0797838
982.322, 0.0809367
983.322, 0.0830391
984.323, 0.0855501
985.324, 0.0876188
986.324, 0.0888154
987.325, 0.0894937
988.326, 0.0904926
989.326, 0.0924416
990.327, 0.0952527
991.328, 0.0982099
992.328, 0.100568
993.329, 0.102156
994.33, 0.103507
995.33, 0.105401
996.331, 0.108232
997.332, 0.111688
998.332, 0.115004
999.333, 0.117571
1000.33, 0.119405
1001.33, 0.121114
1002.33, 0.123397
1003.34, 0.126489
1004.34, 0.129975
1005.34, 0.133122
1006.34, 0.135447
1007.34, 0.137083
1008.34, 0.138663
1009.34, 0.140822
1010.34, 0.143716
1011.34, 0.14691
1012.34, 0.149723
1013.34, 0.15175
1014.34, 0.153169
1015.34, 0.1546
1016.34, 0.156636
1017.34, 0.159414
1018.35, 0.162517
1019.35, 0.165306
1020.35, 0.167395
1021.35, 0.168938
1022.35, 0.170508
1023.35, 0.172679
1024.35, 0.17561
1025.35, 0.17894
1026.35, 0.182057
1027.35, 0.184544
1028.35, 0.186476
1029.35, 0.188354
1030.35, 0.190746
1031.35, 0.193875
1032.35, 0.197474
1033.36, 0.20097
1034.36, 0.203893
1035.36, 0.206198
1036.36, 0.208284
1037.36, 0.21071
1038.36, 0.2138
1039.36, 0.217424
1040.36, 0.221087
1041.36, 0.224275
1042.36, 0.226798
1043.36, 0.228914
1044.36, 0.231142
1045.36, 0.233913
1046.36, 0.237273
1047.36, 0.240865
1048.37, 0.244168
1049.37, 0.246847
1050.37, 0.248972
1051.37, 0.250964
1052.37, 0.253316
1053.37, 0.256269
1054.37, 0.259662
1055.37, 0.263041
1056.37, 0.265962
1057.37, 0.268279
1058.37, 0.270231
1059.37, 0.272289
1060.37, 0.274853
1061.37, 0.277998
1062.37, 0.281434
1063.38, 0.284698
1064.38, 0.287446
1065.38, 0.289671
1066.38, 0.291701
1067.38, 0.293992
1068.38, 0.296843
1069.38, 0.300215
1070.38, 0.30376
1071.38, 0.307038
1072.38, 0.309789
1073.38, 0.312087
1074.38, 0.314289
1075.38, 0.316816
1076.38, 0.319898
1077.38, 0.323436
1078.39, 0.327065
1079.39, 0.330376
1080.39, 0.333159
1081.39, 0.335518
1082.39, 0.337812
1083.39, 0.340431
1084.39, 0.343572
1085.39, 0.347122
1086.39, 0.350728
1087.39, 0.354007
1088.39, 0.35676
1089.39, 0.359089
1090.39, 0.361329
1091.39, 0.363856
1092.39, 0.366866
1093.4, 0.370274
1094.4, 0.373756
1095.4, 0.376944
1096.4, 0.379624
1097.4, 0.381861
1098.4, 0.38395
1099.4, 0.386257
1100.4, 0.389009
1101.4, 0.392173
1102.4, 0.395478
1103.4, 0.398567
1104.4, 0.401191
1105.4, 0.403347
1106.4, 0.405271
1107.4, 0.40731
1108.41, 0.409733
1109.41, 0.412587
1110.41, 0.415677
1111.41, 0.418671
1112.41, 0.42128
1113.41, 0.423407
1114.41, 0.4252
1115.41, 0.426964
1116.41, 0.429005
1117.41, 0.431465
1118.41, 0.434253
1119.41, 0.437093
1120.41, 0.43967
1121.41, 0.441793
1122.41, 0.443486
1123.42, 0.444976
1124.42, 0.446569
1125.42, 0.448499
1126.42, 0.450802
1127.42, 0.453306
1128.42, 0.455717
1129.42, 0.457764
1130.42, 0.459337
1131.42, 0.460533
1132.42, 0.461607
1133.42, 0.462839
1134.42, 0.464396
1135.42, 0.466252
1136.42, 0.468197
1137.42, 0.469945
1138.43, 0.471271
1139.43, 0.472114
1140.43, 0.472604
1141.43, 0.472993
1142.43, 0.473532
1143.43, 0.474348
1144.43, 0.475385
1145.43, 0.47643
1146.43, 0.477214
1147.43, 0.477538
1148.43, 0.477362
1149.43, 0.476818
1150.43, 0.476143
1151.43, 0.475566
1152.43, 0.4752
1153.44, 0.474989
1154.44, 0.474737
1155.44, 0.474193
1156.44, 0.473169
1157.44, 0.47162
1158.44, 0.469658
1159.44, 0.467498
1160.44, 0.465358
1161.44, 0.463356
1162.44, 0.461464
1163.44, 0.459514
1164.44, 0.457281
1165.44, 0.454576
1166.44, 0.451333
1167.44, 0.447628
1168.45, 0.443648
1169.45, 0.439602
1170.45, 0.43563
1171.45, 0.431746
1172.45, 0.427833
1173.45, 0.423696
1174.45, 0.41915
1175.45, 0.414097
1176.45, 0.408571
1177.45, 0.402716
1178.45, 0.396728
1179.45, 0.390774
1180.45, 0.384918
1181.45, 0.379108
1182.45, 0.373195
1183.46, 0.367008
1184.46, 0.360423
1185.46, 0.35342
1186.46, 0.346093
1187.46, 0.33861
1188.46, 0.331146
1189.46, 0.323818
1190.46, 0.316641
1191.46, 0.30953
1192.46, 0.302341
1193.46, 0.294939
1194.46, 0.287254
1195.46, 0.279317
1196.46, 0.271245
1197.46, 0.263203
1198.47, 0.255335
1199.47, 0.247719
1200.47, 0.240338
1201.47, 0.233097
1202.47, 0.225867
1203.47, 0.218545
1204.47, 0.211094
1205.47, 0.203566
1206.47, 0.196082
1207.47, 0.188788
1208.47, 0.1818
1209.47, 0.175165
1210.47, 0.16885
1211.47, 0.162758
1212.47, 0.156771
1213.48, 0.150803
1214.48, 0.144832
1215.48, 0.138912
1216.48, 0.133154
1217.48, 0.127683
1218.48, 0.122593
1219.48, 0.117912
1220.48, 0.113598
1221.48, 0.109553
1222.48, 0.105665
1223.48, 0.101852
1224.48, 0.09809
1225.48, 0.0944253
1226.48, 0.0909532
1227.48, 0.0877826
1228.49, 0.0849948
1229.49, 0.0826125
1230.49, 0.0805918
1231.49, 0.078838
1232.49, 0.07724
1233.49, 0.0757101
1234.49, 0.0742144
1235.49, 0.0727828
1236.49, 0.0714961
1237.49, 0.0704539
1238.49, 0.0697367
1239.49, 0.0693749
1240.49, 0.069336
1241.49, 0.0695351
1242.49, 0.0698629
1243.5, 0.070223
1244.5, 0.0705635
1245.5, 0.0708929
1246.5, 0.0712748
1247.5, 0.0718026
1248.5, 0.0725648
1249.5, 0.0736117
1250.5, 0.0749365
1251.5, 0.0764753
1252.5, 0.078128
1253.5, 0.0797904
1254.5, 0.0813886
1255.5, 0.0829017
1256.5, 0.0843671
1257.51, 0.0858661
1258.51, 0.087494
1259.51, 0.089327
1260.51, 0.0913948
1261.51, 0.0936695
1262.51, 0.0960739
1263.51, 0.0985057
1264.51, 0.100871
1265.51, 0.103112
1266.51, 0.105228
1267.51, 0.10727
1268.51, 0.109329
1269.51, 0.111498
1270.51, 0.113846
1271.51, 0.116394
1272.52, 0.119106
1273.52, 0.121903
1274.52, 0.124683
1275.52, 0.127359
1276.52, 0.129881
1277.52, 0.132254
1278.52, 0.134532
1279.52, 0.136807
1280.52, 0.139172
1281.52, 0.141695
1282.52, 0.1444
1283.52, 0.147255
1284.52, 0.150183
1285.52, 0.153086
1286.52, 0.155878
1287.53, 0.158504
1288.53, 0.160964
1289.53, 0.163305
1290.53, 0.165614
1291.53, 0.167985
1292.53, 0.170493
1293.53, 0.173172
1294.53, 0.176003
1295.53, 0.178922
1296.53, 0.181837
1297.53, 0.184656
1298.53, 0.187315
1299.53, 0.189795
1300.53, 0.192127
1301.53, 0.194386
1302.54, 0.196664
1303.54, 0.199046
1304.54, 0.201585
1305.54, 0.204284
1306.54, 0.207099
1307.54, 0.209952
1308.54, 0.212749
1309.54, 0.21541
1310.54, 0.217893
1311.54, 0.220203
1312.54, 0.222389
1313.54, 0.224535
1314.54, 0.226731
1315.54, 0.229051
1316.54, 0.231529
1317.55, 0.234153
1318.55, 0.236868
1319.55, 0.239589
1320.55, 0.242227
1321.55, 0.244713
1322.55, 0.247016
1323.55, 0.249154
1324.55, 0.251182
1325.55, 0.253186
1326.55, 0.255251
1327.55, 0.257444
1328.55, 0.259792
1329.55, 0.262278
1330.55, 0.264844
1331.55, 0.267407
1332.56, 0.269882
1333.56, 0.272204
1334.56, 0.274345
1335.56, 0.276321
1336.56, 0.278189
1337.56, 0.280029
1338.56, 0.281926
1339.56, 0.283944
1340.56, 0.286115
1341.56, 0.288424
1342.56, 0.29082
1343.56, 0.293224
1344.56, 0.295554
1345.56, 0.297742
1346.56, 0.299754
1347.57, 0.301599
1348.57, 0.303322
1349.57, 0.304999
1350.57, 0.306711
1351.57, 0.308529
1352.57, 0.310492
1353.57, 0.3126
1354.57, 0.314815
1355.57, 0.317068
1356.57, 0.319278
1357.57, 0.321373
1358.57, 0.323306
1359.57, 0.325067
1360.57, 0.326687
1361.57, 0.328227
1362.58, 0.329764
1363.58, 0.331375
1364.58, 0.333115
1365.58, 0.335003
1366.58, 0.337023
1367.58, 0.339122
1368.58, 0.341227
1369.58, 0.343263
1370.58, 0.345166
1371.58, 0.346905
1372.58, 0.348483
1373.58, 0.349941
1374.58, 0.351344
1375.58, 0.352769
1376.58, 0.354283
1377.59, 0.355934
1378.59, 0.35773
1379.59, 0.359649
1380.59, 0.361634
1381.59, 0.363614
1382.59, 0.365516
1383.59, 0.367284
1384.59, 0.36889
1385.59, 0.370344
1386.59, 0.371685
1387.59, 0.372978
1388.59, 0.374297
1389.59, 0.375706
1390.59, 0.377248
1391.59, 0.378935
1392.6, 0.380743
1393.6, 0.38262
1394.6, 0.384498
1395.6, 0.386306
1396.6, 0.387989
1397.6, 0.389517
1398.6, 0.390892
1399.6, 0.39215
1400.6, 0.393349
1401.6, 0.394559
1402.6, 0.395845
1403.6, 0.397254
1404.6, 0.398805
1405.6, 0.400483
1406.6, 0.402247
1407.61, 0.404033
1408.61, 0.405774
1409.61, 0.40741
1410.61, 0.408902
1411.61, 0.410241
1412.61, 0.411447
1413.61, 0.41257
1414.61, 0.413672
1415.61, 0.414821
1416.61, 0.416069
1417.61, 0.417451
1418.61, 0.418968
1419.61, 0.420593
1420.61, 0.422277
1421.61, 0.423955
1422.62, 0.425563
1423.62, 0.427051
1424.62, 0.428393
1425.62, 0.429589
1426.62, 0.430669
1427.62, 0.431685
1428.62, 0.4327
1429.62, 0.433776
1430.62, 0.434959
1431.62, 0.436275
1432.62, 0.437719
1433.62, 0.439261
1434.62, 0.440849
1435.62, 0.442422
1436.62, 0.44392
1437.63, 0.445298
1438.63, 0.446531
1439.63, 0.447624
1440.63, 0.448607
1441.63, 0.449531
1442.63, 0.450455
1443.63, 0.451437
1444.63, 0.452524
1445.63, 0.453739
1446.63, 0.45508
1447.63, 0.45652
1448.63, 0.45801
1449.63, 0.459494
1450.63, 0.460912
1451.63, 0.462218
1452.64, 0.463388
1453.64, 0.464419
1454.64, 0.465336
1455.64, 0.466183
1456.64, 0.467015
1457.64, 0.467891
1458.64, 0.468857
1459.64, 0.469944
1460.64, 0.471157
1461.64, 0.472479
1462.64, 0.473869
1463.64, 0.475276
1464.64, 0.476642
1465.64, 0.477918
1466.64, 0.479069
1467.65, 0.480085
1468.65, 0.480977
1469.65, 0.481777
1470.65, 0.482535
1471.65, 0.483307
1472.65, 0.484142
1473.65, 0.485081
1474.65, 0.486144
1475.65, 0.487325
1476.65, 0.488601
1477.65, 0.489928
1478.65, 0.491254
1479.65, 0.492526
1480.65, 0.4937
1481.65, 0.49475
1482.66, 0.495669
1483.66, 0.496474
1484.66, 0.4972
1485.66, 0.497896
1486.66, 0.498613
1487.66, 0.4994
1488.66, 0.500291
1489.66, 0.501303
1490.66, 0.502431
1491.66, 0.503649
1492.66, 0.504915
1493.66, 0.50618
1494.66, 0.507393
1495.66, 0.508512
1496.66, 0.509513
1497.67, 0.510386
1498.67, 0.511148
1499.67, 0.51183
1500.67, 0.512476
1501.67, 0.513138
1502.67, 0.51386
1503.67, 0.514681
1504.67, 0.515617
1505.67, 0.516669
1506.67, 0.517816
1507.67, 0.519022
1508.67, 0.520241
1509.67, 0.521424
1510.67, 0.522529
1511.67, 0.523524
1512.68, 0.524398
1513.68, 0.525156
1514.68, 0.525822
1515.68, 0.526434
1516.68, 0.52704
1517.68, 0.527686
1518.68, 0.528411
1519.68, 0.529243
1520.68, 0.530189
1521.68, 0.53124
1522.68, 0.532371
1523.68, 0.533541
1524.68, 0.534704
1525.68, 0.535817
1526.68, 0.536841
1527.69, 0.537754
1528.69, 0.538547
1529.69, 0.539234
1530.69, 0.53984
1531.69, 0.540406
1532.69, 0.540976
1533.69, 0.541593
1534.69, 0.542293
1535.69, 0.543099
1536.69, 0.544016
1537.69, 0.545032
1538.69, 0.546121
1539.69, 0.547245
1540.69, 0.548359
1541.69, 0.549421
1542.7, 0.550397
1543.7, 0.551264
1544.7, 0.552016
1545.7, 0.552664
1546.7, 0.553231
1547.7, 0.553756
1548.7, 0.55428
1549.7, 0.554846
1550.7, 0.555487
1551.7, 0.556228
1552.7, 0.557076
1553.7, 0.558024
1554.7, 0.559049
1555.7, 0.560117
1556.7, 0.561188
1557.71, 0.562219
1558.71, 0.563175
1559.71, 0.564032
1560.71, 0.564777
1561.71, 0.565415
1562.71, 0.565964
1563.71, 0.566457
1564.71, 0.56693
1565.71, 0.567426
1566.71, 0.56798
1567.71, 0.568621
1568.71, 0.569363
1569.71, 0.570209
1570.71, 0.571142
1571.71, 0.572137
1572.72, 0.573158
1573.72, 0.574165
1574.72, 0.575122
1575.72, 0.575996
1576.72, 0.576769
1577.72, 0.577433
1578.72, 0.577997
1579.72, 0.578483
1580.72, 0.578922
1581.72, 0.579351
1582.72, 0.579809
1583.72, 0.580328
1584.72, 0.580935
1585.72, 0.581641
1586.72, 0.582445
1587.73, 0.583333
1588.73, 0.584279
1589.73, 0.585248
1590.73, 0.586203
1591.73, 0.587109
1592.73, 0.587937
1593.73, 0.588667
1594.73, 0.589292
1595.73, 0.58982
1596.73, 0.590269
1597.73, 0.590669
1598.73, 0.591054
1599.73, 0.591461
1600.73, 0.591923
1601.73, 0.592465
1602.74, 0.593101
1603.74, 0.593835
1604.74, 0.594655
1605.74, 0.595539
1606.74, 0.596457
1607.74, 0.597375
1608.74, 0.598257
1609.74, 0.599073
1610.74, 0.599801
1611.74, 0.60043
1612.74, 0.60096
1613.74, 0.601405
1614.74, 0.601788
1615.74, 0.602139
1616.74, 0.602494
1617.75, 0.602884
1618.75, 0.60334
1619.75, 0.603881
1620.75, 0.604515
1621.75, 0.605242
1622.75, 0.606046
1623.75, 0.606904
1624.75, 0.607785
1625.75, 0.608657
1626.75, 0.609487
1627.75, 0.610248
1628.75, 0.610921
1629.75, 0.611497
1630.75, 0.611981
1631.75, 0.612384
1632.76, 0.612732
1633.76, 0.613053
1634.76, 0.61338
1635.76, 0.613744
1636.76, 0.614172
1637.76, 0.614682
1638.76, 0.615284
1639.76, 0.615975
1640.76, 0.616743
1641.76, 0.617565
1642.76, 0.618413
1643.76, 0.619255
1644.76, 0.620061
1645.76, 0.620805
1646.76, 0.621467
1647.77, 0.622036
1648.77, 0.622514
1649.77, 0.622911
1650.77, 0.623247
1651.77, 0.62355
1652.77, 0.623848
1653.77, 0.624172
1654.77, 0.62455
1655.77, 0.625003
1656.77, 0.625541
1657.77, 0.626169
1658.77, 0.626877
1659.77, 0.627648
1660.77, 0.628459
1661.77, 0.629281
1662.78, 0.630083
1663.78, 0.630839
1664.78, 0.631525
1665.78, 0.632127
1666.78, 0.632639
1667.78, 0.633066
1668.78, 0.63342
1669.78, 0.633722
1670.78, 0.634
1671.78, 0.634282
1672.78, 0.634596
1673.78, 0.634967
1674.78, 0.635413
1675.78, 0.635943
1676.78, 0.636559
1677.79, 0.637251
1678.79, 0.638002
1679.79, 0.638789
1680.79, 0.639584
1681.79, 0.64036
1682.79, 0.64109
1683.79, 0.641753
1684.79, 0.642335
1685.79, 0.64283
1686.79, 0.643241
1687.79, 0.643581
1688.79, 0.643868
1689.79, 0.644128
1690.79, 0.644386
1691.79, 0.644671
1692.8, 0.645007
1693.8, 0.645411
1694.8, 0.645895
1695.8, 0.646463
1696.8, 0.647107
1697.8, 0.647814
1698.8, 0.648565
1699.8, 0.649333
1700.8, 0.650092
1701.8, 0.650818
1702.8, 0.651486
1703.8, 0.652082
1704.8, 0.652595
1705.8, 0.653024
1706.8, 0.653377
1707.81, 0.653668
1708.81, 0.653918
1709.81, 0.654152
1710.81, 0.654395
1711.81, 0.654672
1712.81, 0.655004
1713.81, 0.655407
1714.81, 0.655889
1715.81, 0.656449
1716.81, 0.657082
1717.81, 0.657771
1718.81, 0.658497
1719.81, 0.659235
1720.81, 0.659962
1721.81, 0.660652
1722.82, 0.661285
1723.82, 0.661846
1724.82, 0.662327
1725.82, 0.662728
1726.82, 0.663055
1727.82, 0.663322
1728.82, 0.663548
1729.82, 0.663758
1730.82, 0.663974
1731.82, 0.664221
1732.82, 0.664519
1733.82, 0.664883
1734.82, 0.665322
1735.82, 0.665838
1736.82, 0.666425
1737.83, 0.66707
1738.83, 0.667757
1739.83, 0.668463
1740.83, 0.669164
1741.83, 0.669837
1742.83, 0.670462
1743.83, 0.671022
1744.83, 0.671507
1745.83, 0.671914
1746.83, 0.672246
1747.83, 0.672513
1748.83, 0.672732
1749.83, 0.672922
1750.83, 0.673106
1751.83, 0.673307
1752.84, 0.673546
1753.84, 0.67384
1754.84, 0.674203
1755.84, 0.674639
1756.84, 0.675148
1757.84, 0.675722
1758.84, 0.67635
1759.84, 0.677011
1760.84, 0.677686
1761.84, 0.678352
1762.84, 0.678987
1763.84, 0.679573
1764.84, 0.680095
1765.84, 0.680544
1766.84, 0.680918
1767.85, 0.68122
1768.85, 0.68146
1769.85, 0.681654
1770.85, 0.68182
1771.85, 0.68198
1772.85, 0.682156
1773.85, 0.682366
1774.85, 0.682629
1775.85, 0.682955
1776.85, 0.683353
1777.85, 0.683822
1778.85, 0.684356
1779.85, 0.684943
1780.85, 0.685569
1781.85, 0.686213
1782.86, 0.686855
1783.86, 0.687474
1784.86, 0.688051
1785.86, 0.688571
1786.86, 0.689024
1787.86, 0.689405
1788.86, 0.689714
1789.86, 0.689959
1790.86, 0.690152
1791.86, 0.690309
1792.86, 0.69045
1793.86, 0.690593
1794.86, 0.690761
1795.86, 0.690969
1796.86, 0.691232
1797.87, 0.691561
1798.87, 0.691959
1799.87, 0.692424
1800.87, 0.692949
1801.87, 0.693523
1802.87, 0.69413
1803.87, 0.69475
1804.87, 0.695364
1805.87, 0.695954
1806.87, 0.696501
1807.87, 0.696992
1808.87, 0.697418
1809.87, 0.697775
1810.87, 0.698063
1811.87, 0.698289
1812.88, 0.698466
1813.88, 0.698607
1814.88, 0.698732
1815.88, 0.698859
1816.88, 0.699006
1817.88, 0.699191
1818.88, 0.699428
1819.88, 0.699726
1820.88, 0.700091
1821.88, 0.700521
1822.88, 0.701013
1823.88, 0.701554
1824.88, 0.702132
1825.88, 0.702729
1826.88, 0.703327
1827.89, 0.703908
1828.89, 0.704455
1829.89, 0.704952
1830.89, 0.705391
1831.89, 0.705764
1832.89, 0.70607
1833.89, 0.706313
1834.89, 0.706501
1835.89, 0.706647
1836.89, 0.706767
1837.89, 0.706877
1838.89, 0.706996
1839.89, 0.707141
1840.89, 0.707327
1841.89, 0.707567
1842.9, 0.707867
1843.9, 0.708231
1844.9, 0.708659
1845.9, 0.709143
1846.9, 0.709674
1847.9, 0.710238
1848.9, 0.710818
1849.9, 0.711398
1850.9, 0.71196
1851.9, 0.712488
1852.9, 0.712969
1853.9, 0.713393
1854.9, 0.713754
1855.9, 0.714051
1856.9, 0.714287
1857.91, 0.714469
1858.91, 0.714608
1859.91, 0.71472
1860.91, 0.714819
1861.91, 0.714924
1862.91, 0.71505
1863.91, 0.715212
1864.91, 0.715422
1865.91, 0.71569
1866.91, 0.716018
1867.91, 0.716409
1868.91, 0.716856
1869.91, 0.717353
1870.91, 0.717888
1871.91, 0.718446
1872.92, 0.719011
1873.92, 0.719567
1874.92, 0.720099
1875.92, 0.720592
1876.92, 0.721036
1877.92, 0.721421
1878.92, 0.721745
1879.92, 0.722007
1880.92, 0.722212
1881.92, 0.722369
1882.92, 0.722488
1883.92, 0.722584
1884.92, 0.722672
1885.92, 0.722767
1886.92, 0.722886
1887.93, 0.723042
1888.93, 0.723245
1889.93, 0.723503
1890.93, 0.723821
1891.93, 0.724198
1892.93, 0.72463
1893.93, 0.725109
1894.93, 0.725625
1895.93, 0.726164
1896.93, 0.726711
1897.93, 0.727251
1898.93, 0.72777
1899.93, 0.728253
1900.93, 0.72869
1901.93, 0.729072
1902.94, 0.729396
1903.94, 0.729659
1904.94, 0.729867
1905.94, 0.730024
1906.94, 0.730142
1907.94, 0.730231
1908.94, 0.730308
1909.94, 0.730385
1910.94, 0.730479
1911.94, 0.730601
1912.94, 0.730765
1913.94, 0.730979
1914.94, 0.731248
1915.94, 0.731574
1916.94, 0.731956
1917.95, 0.732388
1918.95, 0.732863
1919.95, 0.733368
1920.95, 0.733891
1921.95, 0.734418
1922.95, 0.734935
1923.95, 0.735427
1924.95, 0.735883
1925.95, 0.736293
1926.95, 0.73665
1927.95, 0.736949
1928.95, 0.737191
1929.95, 0.737379
1930.95, 0.737519
1931.95, 0.737622
1932.96, 0.737697
1933.96, 0.737759
1934.96, 0.737822
1935.96, 0.737899
1936.96, 0.738003
1937.96, 0.738144
1938.96, 0.738333
1939.96, 0.738574
1940.96, 0.73887
1941.96, 0.73922
1942.96, 0.73962
1943.96, 0.740063
1944.96, 0.740539
1945.96, 0.741037
1946.96, 0.741543
1947.97, 0.742045
1948.97, 0.742528
1949.97, 0.742982
1950.97, 0.743395
1951.97, 0.74376
1952.97, 0.744071
1953.97, 0.744327
1954.97, 0.744529
1955.97, 0.744681
1956.97, 0.744791
1957.97, 0.744868
1958.97, 0.744923
1959.97, 0.744969
1960.97, 0.745019
1961.97, 0.745087
1962.98, 0.745182
1963.98, 0.745316
1964.98, 0.745496
1965.98, 0.745727
1966.98, 0.746011
1967.98, 0.746346
1968.98, 0.74673
1969.98, 0.747154
1970.98, 0.74761
1971.98, 0.748087
1972.98, 0.748572
1973.98, 0.749054
1974.98, 0.749519
1975.98, 0.749957
1976.98, 0.750358
1977.99, 0.750713
1978.99, 0.751018
1979.99, 0.75127
1980.99, 0.751469
1981.99, 0.75162
1982.99, 0.751727
1983.99, 0.751799
1984.99, 0.751847
1985.99, 0.751882
1986.99, 0.751915
1987.99, 0.75196
1988.99, 0.752027
1989.99, 0.752127
1990.99, 0.752267
1991.99, 0.752454
1993, 0.752692
1994, 0.75298
1995, 0.753316
1996, 0.753697
1997, 0.754113
1998, 0.754558
1999, 0.755019
2000, 0.755486


