500, 0.648772
501.001, 0.649812
502.001, 0.651124
503.002, 0.652046
504.003, 0.653342
505.003, 0.654219
506.004, 0.655434
507.005, 0.65632
508.005, 0.657416
509.006, 0.658339
510.007, 0.659304
511.007, 0.660266
512.008, 0.66111
513.009, 0.662099
514.009, 0.662843
515.01, 0.663841
516.011, 0.664505
517.011, 0.665496
518.012, 0.666099
519.013, 0.66707
520.013, 0.667627
521.014, 0.66857
522.015, 0.669088
523.015, 0.670002
524.016, 0.670487
525.017, 0.671371
526.017, 0.671824
527.018, 0.672681
528.019, 0.673104
529.019, 0.673937
530.02, 0.674331
531.021, 0.675142
532.021, 0.67551
533.022, 0.676299
534.023, 0.676646
535.023, 0.677411
536.024, 0.677748
537.025, 0.678479
538.025, 0.678824
539.026, 0.679508
540.027, 0.679884
541.027, 0.680503
542.028, 0.680937
543.029, 0.681472
544.029, 0.681993
545.03, 0.682431
546.031, 0.68306
547.031, 0.683405
548.032, 0.684145
549.033, 0.684432
550.033, 0.685261
551.034, 0.685563
552.035, 0.686434
553.035, 0.68687
554.036, 0.687728
555.037, 0.688459
556.037, 0.689296
557.038, 0.690531
558.039, 0.691566
559.039, 0.693734
560.04, 0.697373
561.041, 0.701859
562.041, 0.703101
563.042, 0.704455
564.043, 0.706102
565.043, 0.707213
566.044, 0.709185
567.045, 0.710042
568.045, 0.711645
569.046, 0.7129
570.047, 0.714577
571.047, 0.716243
572.048, 0.717268
573.049, 0.719065
574.049, 0.720229
575.05, 0.722186
576.051, 0.723713
577.051, 0.725188
578.052, 0.727075
579.053, 0.728288
580.053, 0.730573
581.054, 0.732048
582.055, 0.734273
583.055, 0.736666
584.056, 0.734144
585.057, 0.729595
586.057, 0.726687
587.058, 0.724928
588.059, 0.722783
589.059, 0.721026
590.06, 0.719945
591.061, 0.717731
592.061, 0.716501
593.062, 0.715538
594.063, 0.713464
595.063, 0.712856
596.064, 0.712017
597.065, 0.710917
598.065, 0.711113
599.066, 0.710916
600.067, 0.711347
601.067, 0.712405
602.068, 0.713236
603.069, 0.715024
604.069, 0.716798
605.07, 0.718597
606.071, 0.721027
607.071, 0.723137
608.072, 0.72552
609.073, 0.72801
610.073, 0.730173
611.074, 0.732713
612.075, 0.735044
613.075, 0.737248
614.076, 0.739701
615.077, 0.741781
616.077, 0.743952
617.078, 0.746194
618.079, 0.748095
619.079, 0.750214
620.08, 0.752224
621.081, 0.754013
622.081, 0.75605
623.082, 0.757866
624.083, 0.759605
625.083, 0.761549
626.084, 0.763215
627.085, 0.764915
628.085, 0.76674
629.086, 0.768278
630.087, 0.769931
631.087, 0.771634
632.088, 0.773079
633.089, 0.774689
634.089, 0.77629
635.09, 0.777671
636.091, 0.779239
637.091, 0.780751
638.092, 0.782077
639.093, 0.783592
640.093, 0.785022
641.094, 0.78629
642.095, 0.787742
643.095, 0.789095
644.096, 0.790303
645.097, 0.791688
646.097, 0.792975
647.098, 0.794124
648.099, 0.795444
649.099, 0.796676
650.1, 0.79777
651.101, 0.799026
652.101, 0.800213
653.102, 0.801254
654.103, 0.802442
655.103, 0.803588
656.104, 0.804577
657.105, 0.805692
658.105, 0.806798
659.106, 0.807736
660.107, 0.80877
661.107, 0.809835
662.108, 0.810728
663.109, 0.811679
664.109, 0.812698
665.11, 0.813558
666.111, 0.814426
667.111, 0.815394
668.112, 0.81623
669.113, 0.817022
670.113, 0.817928
671.114, 0.81875
672.115, 0.819478
673.115, 0.82031
674.116, 0.821117
675.117, 0.821798
676.117, 0.822545
677.118, 0.823327
678.119, 0.823979
679.119, 0.824638
680.12, 0.825375
681.121, 0.826013
682.121, 0.826595
683.122, 0.827263
684.123, 0.827893
685.123, 0.82842
686.124, 0.829002
687.125, 0.829611
688.125, 0.830112
689.126, 0.830607
690.127, 0.83117
691.127, 0.831664
692.128, 0.832091
693.129, 0.832582
694.129, 0.833068
695.13, 0.833459
696.131, 0.833865
697.131, 0.834319
698.132, 0.834701
699.133, 0.835035
700.133, 0.835424
701.134, 0.835801
702.135, 0.836094
703.135, 0.836401
704.136, 0.836748
705.137, 0.837031
706.137, 0.837267
707.138, 0.837549
708.139, 0.837824
709.139, 0.838023
710.14, 0.838225
711.141, 0.838464
712.141, 0.838655
713.142, 0.838793
714.143, 0.838964
715.143, 0.839142
716.144, 0.839254
717.145, 0.839348
718.145, 0.83948
719.146, 0.839587
720.147, 0.839633
721.147, 0.839691
722.148, 0.839775
723.149, 0.839808
724.149, 0.8398
725.15, 0.839822
726.151, 0.839848
727.151, 0.839813
728.152, 0.839758
729.153, 0.839741
730.153, 0.839705
731.154, 0.839606
732.155, 0.839509
733.155, 0.839447
734.156, 0.839347
735.157, 0.839188
736.157, 0.83905
737.158, 0.838939
738.159, 0.838775
739.159, 0.838561
740.16, 0.838379
741.161, 0.838218
742.161, 0.837992
743.162, 0.837723
744.163, 0.837496
745.163, 0.837284
746.164, 0.836999
747.165, 0.836674
748.165, 0.8364
749.166, 0.836138
750.167, 0.835797
751.167, 0.835415
752.168, 0.83509
753.169, 0.834782
754.169, 0.834387
755.17, 0.833946
756.171, 0.833567
757.171, 0.833213
758.172, 0.832771
759.173, 0.832268
760.173, 0.831828
761.174, 0.831431
762.175, 0.830945
763.175, 0.83038
764.176, 0.829872
765.177, 0.829428
766.177, 0.828908
767.178, 0.828282
768.179, 0.827695
769.179, 0.827197
770.18, 0.826649
771.181, 0.82597
772.181, 0.825294
773.182, 0.824728
774.183, 0.824155
775.183, 0.823437
776.184, 0.822667
777.185, 0.822011
778.185, 0.821406
779.186, 0.820667
780.187, 0.819811
781.187, 0.819037
782.188, 0.818378
783.189, 0.817635
784.189, 0.816715
785.19, 0.815802
786.191, 0.815045
787.191, 0.814296
788.192, 0.813351
789.193, 0.812301
790.193, 0.811388
791.194, 0.810596
792.195, 0.809663
793.195, 0.808514
794.196, 0.807397
795.197, 0.806481
796.197, 0.80556
797.198, 0.80438
798.199, 0.803057
799.199, 0.801906
800.2, 0.800925
801.201, 0.799775
802.201, 0.798313
803.202, 0.796842
804.203, 0.795637
805.203, 0.79449
806.204, 0.793006
807.205, 0.791226
808.205, 0.789595
809.206, 0.788263
810.207, 0.786808
811.207, 0.784852
812.208, 0.782666
813.209, 0.780793
814.209, 0.779184
815.21, 0.777185
816.211, 0.774488
817.211, 0.771657
818.212, 0.769315
819.213, 0.767089
820.213, 0.763957
821.214, 0.759725
822.215, 0.755459
823.215, 0.751803
824.216, 0.747051
825.217, 0.737793
826.217, 0.722162
827.218, 0.702349
828.219, 0.683428
829.219, 0.669406
830.22, 0.660425
831.221, 0.653682
832.221, 0.646609
833.222, 0.638848
834.223, 0.631464
835.223, 0.625036
836.224, 0.61903
837.225, 0.612746
838.225, 0.606254
839.226, 0.600106
840.227, 0.594446
841.227, 0.588824
842.228, 0.582883
843.229, 0.576879
844.229, 0.571298
845.23, 0.566132
846.231, 0.56085
847.231, 0.555111
848.232, 0.549272
849.233, 0.543949
850.233, 0.539189
851.234, 0.534331
852.235, 0.528805
853.235, 0.522889
854.236, 0.517451
855.237, 0.512917
856.237, 0.508694
857.238, 0.503783
858.239, 0.497912
859.239, 0.491895
860.24, 0.48678
861.241, 0.482728
862.241, 0.478832
863.242, 0.474063
864.243, 0.468299
865.243, 0.462367
866.244, 0.457153
867.245, 0.452768
868.245, 0.448597
869.246, 0.444029
870.247, 0.439022
871.247, 0.433944
872.248, 0.42904
873.249, 0.424172
874.249, 0.419096
875.25, 0.413862
876.251, 0.408824
877.252, 0.404242
878.252, 0.399959
879.253, 0.395528
880.254, 0.390652
881.254, 0.385456
882.255, 0.380304
883.256, 0.375403
884.256, 0.370621
885.257, 0.3657
886.258, 0.360589
887.258, 0.355516
888.259, 0.35073
889.26, 0.346214
890.26, 0.341682
891.261, 0.336869
892.262, 0.331785
893.262, 0.326675
894.263, 0.321744
895.264, 0.316945
896.264, 0.312055
897.265, 0.306938
898.266, 0.301706
899.266, 0.296611
900.267, 0.29179
901.268, 0.287128
902.268, 0.282385
903.269, 0.277438
904.27, 0.272393
905.27, 0.267458
906.271, 0.262713
907.272, 0.258026
908.272, 0.253191
909.273, 0.248134
910.274, 0.242992
911.274, 0.237977
912.275, 0.233168
913.276, 0.228452
914.276, 0.223648
915.277, 0.218696
916.278, 0.213722
917.278, 0.208911
918.279, 0.204329
919.28, 0.199859
920.28, 0.195318
921.281, 0.190633
922.282, 0.185902
923.282, 0.181296
924.283, 0.176888
925.284, 0.172587
926.284, 0.168229
927.285, 0.163731
928.286, 0.159174
929.286, 0.154727
930.287, 0.150489
931.288, 0.146411
932.288, 0.142345
933.289, 0.138192
934.29, 0.133995
935.29, 0.129904
936.291, 0.126038
937.292, 0.122385
938.292, 0.118812
939.293, 0.115196
940.294, 0.111528
941.294, 0.107924
942.295, 0.104514
943.296, 0.101331
944.296, 0.0982803
945.297, 0.0952255
946.298, 0.0921101
947.298, 0.0890044
948.299, 0.0860431
949.3, 0.0833086
950.3, 0.0807632
951.301, 0.0782858
952.302, 0.0757801
953.302, 0.0732586
954.303, 0.0708329
955.304, 0.0686203
956.304, 0.0666477
957.305, 0.0648338
958.306, 0.0630614
959.306, 0.0612778
960.307, 0.0595393
961.308, 0.0579636
962.308, 0.0566331
963.309, 0.0555284
964.31, 0.054547
965.31, 0.0535877
966.311, 0.0526326
967.312, 0.0517595
968.312, 0.0510768
969.313, 0.0506355
970.314, 0.050389
971.314, 0.0502314
972.315, 0.0500817
973.316, 0.0499466
974.316, 0.0499133
975.317, 0.0500791
976.318, 0.0504753
977.318, 0.0510442
978.319, 0.0516851
979.32, 0.0523332
980.32, 0.0530083
981.321, 0.0537983
982.322, 0.0547913
983.322, 0.0560083
984.323, 0.0573894
985.324, 0.0588398
986.324, 0.0603017
987.325, 0.0617967
988.326, 0.0634075
989.326, 0.0652149
990.327, 0.0672377
991.328, 0.0694194
992.328, 0.0716697
993.329, 0.0739307
994.33, 0.0762167
995.33, 0.0786015
996.331, 0.0811626
997.332, 0.0839238
998.332, 0.0868382
999.333, 0.089821
1000.33, 0.0928097
1001.33, 0.0958059
1002.33, 0.0988714
1003.34, 0.102082
1004.34, 0.105474
1005.34, 0.109014
1006.34, 0.112628
1007.34, 0.116248
1008.34, 0.119856
1009.34, 0.123499
1010.34, 0.127249
1011.34, 0.131154
1012.34, 0.135205
1013.34, 0.139339
1014.34, 0.143485
1015.34, 0.147605
1016.34, 0.151722
1017.34, 0.155898
1018.35, 0.160192
1019.35, 0.164617
1020.35, 0.169132
1021.35, 0.173667
1022.35, 0.178167
1023.35, 0.182624
1024.35, 0.187081
1025.35, 0.191596
1026.35, 0.196205
1027.35, 0.200895
1028.35, 0.205607
1029.35, 0.210275
1030.35, 0.214864
1031.35, 0.219383
1032.35, 0.223878
1033.36, 0.228399
1034.36, 0.232957
1035.36, 0.237522
1036.36, 0.242031
1037.36, 0.246424
1038.36, 0.250677
1039.36, 0.254808
1040.36, 0.258858
1041.36, 0.262863
1042.36, 0.26682
1043.36, 0.270687
1044.36, 0.274399
1045.36, 0.277904
1046.36, 0.281181
1047.36, 0.284249
1048.37, 0.287141
1049.37, 0.289881
1050.37, 0.292457
1051.37, 0.294823
1052.37, 0.296915
1053.37, 0.298686
1054.37, 0.300117
1055.37, 0.301223
1056.37, 0.302034
1057.37, 0.302567
1058.37, 0.302811
1059.37, 0.302724
1060.37, 0.302253
1061.37, 0.301356
1062.37, 0.300021
1063.38, 0.298267
1064.38, 0.296128
1065.38, 0.29363
1066.38, 0.290774
1067.38, 0.287538
1068.38, 0.283888
1069.38, 0.2798
1070.38, 0.275278
1071.38, 0.270356
1072.38, 0.265081
1073.38, 0.2595
1074.38, 0.25364
1075.38, 0.247507
1076.38, 0.241092
1077.38, 0.234394
1078.39, 0.227432
1079.39, 0.220252
1080.39, 0.212917
1081.39, 0.20549
1082.39, 0.198018
1083.39, 0.190524
1084.39, 0.183015
1085.39, 0.175496
1086.39, 0.167985
1087.39, 0.160521
1088.39, 0.153161
1089.39, 0.145964
1090.39, 0.138976
1091.39, 0.132221
1092.39, 0.125701
1093.4, 0.119406
1094.4, 0.113334
1095.4, 0.107497
1096.4, 0.101927
1097.4, 0.0966629
1098.4, 0.0917394
1099.4, 0.0871718
1100.4, 0.0829524
1101.4, 0.0790573
1102.4, 0.0754594
1103.4, 0.0721428
1104.4, 0.0691101
1105.4, 0.0663798
1106.4, 0.0639754
1107.4, 0.0619107
1108.41, 0.0601803
1109.41, 0.0587589
1110.41, 0.0576096
1111.41, 0.0566978
1112.41, 0.0560038
1113.41, 0.0555272
1114.41, 0.0552825
1115.41, 0.0552871
1116.41, 0.0555483
1117.41, 0.0560548
1118.41, 0.0567773
1119.41, 0.0576777
1120.41, 0.0587224
1121.41, 0.0598931
1122.41, 0.0611913
1123.42, 0.0626325
1124.42, 0.0642353
1125.42, 0.0660085
1126.42, 0.0679432
1127.42, 0.0700134
1128.42, 0.0721846
1129.42, 0.0744255
1130.42, 0.0767197
1131.42, 0.0790693
1132.42, 0.0814913
1133.42, 0.0840069
1134.42, 0.0866296
1135.42, 0.0893567
1136.42, 0.0921684
1137.42, 0.0950342
1138.43, 0.0979249
1139.43, 0.100823
1140.43, 0.103728
1141.43, 0.106656
1142.43, 0.109631
1143.43, 0.112669
1144.43, 0.115778
1145.43, 0.118943
1146.43, 0.122142
1147.43, 0.125344
1148.43, 0.12853
1149.43, 0.131695
1150.43, 0.134848
1151.43, 0.138013
1152.43, 0.141211
1153.44, 0.144456
1154.44, 0.147746
1155.44, 0.151062
1156.44, 0.154379
1157.44, 0.157673
1158.44, 0.160931
1159.44, 0.164156
1160.44, 0.167365
1161.44, 0.170581
1162.44, 0.173824
1163.44, 0.177102
1164.44, 0.180409
1165.44, 0.183723
1166.44, 0.187022
1167.44, 0.190284
1168.45, 0.193503
1169.45, 0.196685
1170.45, 0.199849
1171.45, 0.203019
1172.45, 0.206211
1173.45, 0.209431
1174.45, 0.212671
1175.45, 0.215909
1176.45, 0.219125
1177.45, 0.222299
1178.45, 0.225426
1179.45, 0.228516
1180.45, 0.231586
1181.45, 0.23466
1182.45, 0.237753
1183.46, 0.24087
1184.46, 0.244004
1185.46, 0.247134
1186.46, 0.25024
1187.46, 0.253305
1188.46, 0.256323
1189.46, 0.259302
1190.46, 0.262259
1191.46, 0.265215
1192.46, 0.268188
1193.46, 0.271183
1194.46, 0.274195
1195.46, 0.277207
1196.46, 0.280198
1197.46, 0.283152
1198.47, 0.286061
1199.47, 0.288928
1200.47, 0.291769
1201.47, 0.294604
1202.47, 0.297451
1203.47, 0.300318
1204.47, 0.303205
1205.47, 0.306099
1206.47, 0.30898
1207.47, 0.31183
1208.47, 0.314638
1209.47, 0.317404
1210.47, 0.320138
1211.47, 0.322857
1212.47, 0.325581
1213.48, 0.328322
1214.48, 0.331084
1215.48, 0.33386
1216.48, 0.336635
1217.48, 0.339391
1218.48, 0.342111
1219.48, 0.34479
1220.48, 0.347431
1221.48, 0.350048
1222.48, 0.352658
1223.48, 0.355278
1224.48, 0.357918
1225.48, 0.360577
1226.48, 0.363247
1227.48, 0.365911
1228.49, 0.368553
1229.49, 0.371158
1230.49, 0.373725
1231.49, 0.376257
1232.49, 0.37877
1233.49, 0.381279
1234.49, 0.383801
1235.49, 0.386342
1236.49, 0.388902
1237.49, 0.391471
1238.49, 0.394034
1239.49, 0.396574
1240.49, 0.399079
1241.49, 0.401547
1242.49, 0.403983
1243.5, 0.4064
1244.5, 0.408814
1245.5, 0.411239
1246.5, 0.413683
1247.5, 0.416145
1248.5, 0.418617
1249.5, 0.421085
1250.5, 0.423533
1251.5, 0.425948
1252.5, 0.428328
1253.5, 0.430675
1254.5, 0.433001
1255.5, 0.43532
1256.5, 0.437646
1257.51, 0.439989
1258.51, 0.44235
1259.51, 0.444723
1260.51, 0.447095
1261.51, 0.449453
1262.51, 0.451782
1263.51, 0.454076
1264.51, 0.456335
1265.51, 0.458568
1266.51, 0.460788
1267.51, 0.463007
1268.51, 0.465238
1269.51, 0.467484
1270.51, 0.469744
1271.51, 0.472008
1272.52, 0.474263
1273.52, 0.476495
1274.52, 0.478694
1275.52, 0.480856
1276.52, 0.482984
1277.52, 0.485088
1278.52, 0.487181
1279.52, 0.489274
1280.52, 0.491377
1281.52, 0.493491
1282.52, 0.495611
1283.52, 0.497727
1284.52, 0.499826
1285.52, 0.501895
1286.52, 0.503926
1287.53, 0.505915
1288.53, 0.507868
1289.53, 0.509793
1290.53, 0.511701
1291.53, 0.513603
1292.53, 0.515507
1293.53, 0.517412
1294.53, 0.519314
1295.53, 0.521202
1296.53, 0.523062
1297.53, 0.524884
1298.53, 0.526657
1299.53, 0.528379
1300.53, 0.530052
1301.53, 0.531684
1302.54, 0.533286
1303.54, 0.534866
1304.54, 0.53643
1305.54, 0.537978
1306.54, 0.539506
1307.54, 0.541003
1308.54, 0.542457
1309.54, 0.543854
1310.54, 0.545184
1311.54, 0.546443
1312.54, 0.547629
1313.54, 0.548747
1314.54, 0.549805
1315.54, 0.55081
1316.54, 0.551767
1317.55, 0.552677
1318.55, 0.553536
1319.55, 0.554333
1320.55, 0.555055
1321.55, 0.55569
1322.55, 0.556223
1323.55, 0.556645
1324.55, 0.556953
1325.55, 0.557145
1326.55, 0.557225
1327.55, 0.557198
1328.55, 0.557067
1329.55, 0.556833
1330.55, 0.556492
1331.55, 0.556035
1332.56, 0.555449
1333.56, 0.554719
1334.56, 0.553829
1335.56, 0.552767
1336.56, 0.551522
1337.56, 0.550088
1338.56, 0.548464
1339.56, 0.546649
1340.56, 0.544647
1341.56, 0.542456
1342.56, 0.540074
1343.56, 0.537496
1344.56, 0.53471
1345.56, 0.531703
1346.56, 0.52846
1347.57, 0.524967
1348.57, 0.521211
1349.57, 0.517185
1350.57, 0.512884
1351.57, 0.508307
1352.57, 0.503458
1353.57, 0.498339
1354.57, 0.492956
1355.57, 0.487311
1356.57, 0.481402
1357.57, 0.475229
1358.57, 0.468786
1359.57, 0.462071
1360.57, 0.45508
1361.57, 0.447815
1362.58, 0.440279
1363.58, 0.432484
1364.58, 0.424442
1365.58, 0.416174
1366.58, 0.4077
1367.58, 0.399041
1368.58, 0.390221
1369.58, 0.38126
1370.58, 0.372178
1371.58, 0.362993
1372.58, 0.353723
1373.58, 0.344389
1374.58, 0.335013
1375.58, 0.325618
1376.58, 0.316234
1377.59, 0.306892
1378.59, 0.297626
1379.59, 0.288469
1380.59, 0.279458
1381.59, 0.270623
1382.59, 0.261994
1383.59, 0.253596
1384.59, 0.24545
1385.59, 0.237576
1386.59, 0.229987
1387.59, 0.222699
1388.59, 0.215726
1389.59, 0.209082
1390.59, 0.202782
1391.59, 0.196839
1392.6, 0.191268
1393.6, 0.186081
1394.6, 0.181286
1395.6, 0.176888
1396.6, 0.172888
1397.6, 0.169283
1398.6, 0.166064
1399.6, 0.163221
1400.6, 0.160741
1401.6, 0.158612
1402.6, 0.156822
1403.6, 0.155359
1404.6, 0.154215
1405.6, 0.153381
1406.6, 0.152852
1407.61, 0.152618
1408.61, 0.152672
1409.61, 0.153003
1410.61, 0.153598
1411.61, 0.154441
1412.61, 0.155515
1413.61, 0.1568
1414.61, 0.158279
1415.61, 0.159933
1416.61, 0.161748
1417.61, 0.163709
1418.61, 0.165808
1419.61, 0.168037
1420.61, 0.170391
1421.61, 0.172864
1422.62, 0.175454
1423.62, 0.178152
1424.62, 0.180952
1425.62, 0.183845
1426.62, 0.186818
1427.62, 0.189859
1428.62, 0.192955
1429.62, 0.196094
1430.62, 0.199265
1431.62, 0.202461
1432.62, 0.205677
1433.62, 0.20891
1434.62, 0.21216
1435.62, 0.215429
1436.62, 0.218718
1437.63, 0.222029
1438.63, 0.225359
1439.63, 0.228708
1440.63, 0.232069
1441.63, 0.235435
1442.63, 0.238799
1443.63, 0.242153
1444.63, 0.245488
1445.63, 0.2488
1446.63, 0.252085
1447.63, 0.255342
1448.63, 0.258572
1449.63, 0.26178
1450.63, 0.26497
1451.63, 0.268145
1452.64, 0.271311
1453.64, 0.274468
1454.64, 0.277617
1455.64, 0.280754
1456.64, 0.283876
1457.64, 0.286977
1458.64, 0.29005
1459.64, 0.29309
1460.64, 0.296092
1461.64, 0.299054
1462.64, 0.301977
1463.64, 0.304862
1464.64, 0.307714
1465.64, 0.310539
1466.64, 0.313342
1467.65, 0.316128
1468.65, 0.3189
1469.65, 0.321659
1470.65, 0.324406
1471.65, 0.327136
1472.65, 0.329844
1473.65, 0.332527
1474.65, 0.335178
1475.65, 0.337792
1476.65, 0.340369
1477.65, 0.342905
1478.65, 0.345404
1479.65, 0.347869
1480.65, 0.350305
1481.65, 0.352718
1482.66, 0.355113
1483.66, 0.357495
1484.66, 0.359866
1485.66, 0.362227
1486.66, 0.364577
1487.66, 0.366913
1488.66, 0.36923
1489.66, 0.371523
1490.66, 0.373787
1491.66, 0.376018
1492.66, 0.378215
1493.66, 0.380376
1494.66, 0.382505
1495.66, 0.384604
1496.66, 0.386679
1497.67, 0.388735
1498.67, 0.390778
1499.67, 0.392812
1500.67, 0.394839
1501.67, 0.39686
1502.67, 0.398874
1503.67, 0.400878
1504.67, 0.402868
1505.67, 0.404839
1506.67, 0.406785
1507.67, 0.408704
1508.67, 0.410593
1509.67, 0.412451
1510.67, 0.41428
1511.67, 0.416084
1512.68, 0.417865
1513.68, 0.419631
1514.68, 0.421386
1515.68, 0.423134
1516.68, 0.424878
1517.68, 0.426621
1518.68, 0.42836
1519.68, 0.430095
1520.68, 0.43182
1521.68, 0.433532
1522.68, 0.435227
1523.68, 0.436899
1524.68, 0.438545
1525.68, 0.440166
1526.68, 0.44176
1527.69, 0.443329
1528.69, 0.444879
1529.69, 0.446412
1530.69, 0.447935
1531.69, 0.449451
1532.69, 0.450965
1533.69, 0.452479
1534.69, 0.453993
1535.69, 0.455507
1536.69, 0.457018
1537.69, 0.458522
1538.69, 0.460015
1539.69, 0.461492
1540.69, 0.46295
1541.69, 0.464385
1542.7, 0.465796
1543.7, 0.467185
1544.7, 0.468553
1545.7, 0.469904
1546.7, 0.471241
1547.7, 0.472571
1548.7, 0.473896
1549.7, 0.475221
1550.7, 0.476549
1551.7, 0.477879
1552.7, 0.47921
1553.7, 0.480542
1554.7, 0.481869
1555.7, 0.483188
1556.7, 0.484494
1557.71, 0.485784
1558.71, 0.487055
1559.71, 0.488305
1560.71, 0.489534
1561.71, 0.490745
1562.71, 0.491939
1563.71, 0.49312
1564.71, 0.494294
1565.71, 0.495465
1566.71, 0.496635
1567.71, 0.497808
1568.71, 0.498985
1569.71, 0.500167
1570.71, 0.50135
1571.71, 0.502533
1572.72, 0.503712
1573.72, 0.504883
1574.72, 0.506041
1575.72, 0.507183
1576.72, 0.508308
1577.72, 0.509414
1578.72, 0.510501
1579.72, 0.511572
1580.72, 0.51263
1581.72, 0.513678
1582.72, 0.514721
1583.72, 0.515763
1584.72, 0.516806
1585.72, 0.517854
1586.72, 0.518907
1587.73, 0.519965
1588.73, 0.521026
1589.73, 0.522088
1590.73, 0.523146
1591.73, 0.524198
1592.73, 0.525238
1593.73, 0.526264
1594.73, 0.527274
1595.73, 0.528267
1596.73, 0.529243
1597.73, 0.530204
1598.73, 0.531153
1599.73, 0.532094
1600.73, 0.533029
1601.73, 0.533963
1602.74, 0.5349
1603.74, 0.535841
1604.74, 0.536789
1605.74, 0.537742
1606.74, 0.538699
1607.74, 0.539659
1608.74, 0.540618
1609.74, 0.541572
1610.74, 0.542518
1611.74, 0.543452
1612.74, 0.544372
1613.74, 0.545277
1614.74, 0.546165
1615.74, 0.54704
1616.74, 0.547901
1617.75, 0.548753
1618.75, 0.549599
1619.75, 0.550443
1620.75, 0.551287
1621.75, 0.552136
1622.75, 0.55299
1623.75, 0.553851
1624.75, 0.554718
1625.75, 0.555589
1626.75, 0.556463
1627.75, 0.557335
1628.75, 0.558203
1629.75, 0.559062
1630.75, 0.559911
1631.75, 0.560746
1632.76, 0.561567
1633.76, 0.562374
1634.76, 0.563166
1635.76, 0.563948
1636.76, 0.564721
1637.76, 0.565488
1638.76, 0.566254
1639.76, 0.567022
1640.76, 0.567793
1641.76, 0.56857
1642.76, 0.569354
1643.76, 0.570145
1644.76, 0.570941
1645.76, 0.57174
1646.76, 0.572539
1647.77, 0.573334
1648.77, 0.574123
1649.77, 0.574903
1650.77, 0.575671
1651.77, 0.576426
1652.77, 0.577167
1653.77, 0.577895
1654.77, 0.578612
1655.77, 0.57932
1656.77, 0.580021
1657.77, 0.58072
1658.77, 0.581419
1659.77, 0.582122
1660.77, 0.582829
1661.77, 0.583544
1662.78, 0.584265
1663.78, 0.584993
1664.78, 0.585725
1665.78, 0.586459
1666.78, 0.587193
1667.78, 0.587924
1668.78, 0.588647
1669.78, 0.589362
1670.78, 0.590065
1671.78, 0.590755
1672.78, 0.591433
1673.78, 0.592098
1674.78, 0.592754
1675.78, 0.593401
1676.78, 0.594043
1677.79, 0.594683
1678.79, 0.595324
1679.79, 0.595968
1680.79, 0.596617
1681.79, 0.597274
1682.79, 0.597937
1683.79, 0.598607
1684.79, 0.599282
1685.79, 0.59996
1686.79, 0.600638
1687.79, 0.601314
1688.79, 0.601983
1689.79, 0.602645
1690.79, 0.603296
1691.79, 0.603935
1692.8, 0.604563
1693.8, 0.605179
1694.8, 0.605785
1695.8, 0.606382
1696.8, 0.606974
1697.8, 0.607563
1698.8, 0.608151
1699.8, 0.608742
1700.8, 0.609338
1701.8, 0.609941
1702.8, 0.61055
1703.8, 0.611166
1704.8, 0.611788
1705.8, 0.612414
1706.8, 0.613043
1707.81, 0.613671
1708.81, 0.614295
1709.81, 0.614914
1710.81, 0.615524
1711.81, 0.616124
1712.81, 0.616714
1713.81, 0.617291
1714.81, 0.617859
1715.81, 0.618416
1716.81, 0.618967
1717.81, 0.619512
1718.81, 0.620055
1719.81, 0.620599
1720.81, 0.621145
1721.81, 0.621696
1722.82, 0.622253
1723.82, 0.622817
1724.82, 0.623388
1725.82, 0.623965
1726.82, 0.624547
1727.82, 0.625131
1728.82, 0.625716
1729.82, 0.626297
1730.82, 0.626874
1731.82, 0.627443
1732.82, 0.628003
1733.82, 0.628553
1734.82, 0.629093
1735.82, 0.629622
1736.82, 0.630141
1737.83, 0.630653
1738.83, 0.631159
1739.83, 0.631663
1740.83, 0.632165
1741.83, 0.63267
1742.83, 0.633178
1743.83, 0.633692
1744.83, 0.634212
1745.83, 0.63474
1746.83, 0.635274
1747.83, 0.635814
1748.83, 0.636357
1749.83, 0.636902
1750.83, 0.637447
1751.83, 0.637989
1752.84, 0.638525
1753.84, 0.639054
1754.84, 0.639574
1755.84, 0.640085
1756.84, 0.640585
1757.84, 0.641075
1758.84, 0.641557
1759.84, 0.642032
1760.84, 0.642501
1761.84, 0.642968
1762.84, 0.643435
1763.84, 0.643903
1764.84, 0.644376
1765.84, 0.644854
1766.84, 0.645338
1767.85, 0.645829
1768.85, 0.646327
1769.85, 0.64683
1770.85, 0.647337
1771.85, 0.647847
1772.85, 0.648357
1773.85, 0.648865
1774.85, 0.649368
1775.85, 0.649865
1776.85, 0.650354
1777.85, 0.650834
1778.85, 0.651304
1779.85, 0.651765
1780.85, 0.652217
1781.85, 0.652662
1782.86, 0.653101
1783.86, 0.653537
1784.86, 0.653971
1785.86, 0.654405
1786.86, 0.654843
1787.86, 0.655285
1788.86, 0.655733
1789.86, 0.656187
1790.86, 0.656648
1791.86, 0.657115
1792.86, 0.657588
1793.86, 0.658064
1794.86, 0.658542
1795.86, 0.65902
1796.86, 0.659495
1797.87, 0.659966
1798.87, 0.660431
1799.87, 0.660888
1800.87, 0.661337
1801.87, 0.661776
1802.87, 0.662206
1803.87, 0.662628
1804.87, 0.663043
1805.87, 0.663453
1806.87, 0.663859
1807.87, 0.664263
1808.87, 0.664668
1809.87, 0.665076
1810.87, 0.665487
1811.87, 0.665904
1812.88, 0.666328
1813.88, 0.666758
1814.88, 0.667194
1815.88, 0.667635
1816.88, 0.668081
1817.88, 0.668529
1818.88, 0.668978
1819.88, 0.669426
1820.88, 0.66987
1821.88, 0.670309
1822.88, 0.670742
1823.88, 0.671167
1824.88, 0.671583
1825.88, 0.67199
1826.88, 0.672389
1827.89, 0.672781
1828.89, 0.673166
1829.89, 0.673547
1830.89, 0.673925
1831.89, 0.674303
1832.89, 0.674681
1833.89, 0.675062
1834.89, 0.675448
1835.89, 0.675839
1836.89, 0.676236
1837.89, 0.67664
1838.89, 0.677049
1839.89, 0.677464
1840.89, 0.677883
1841.89, 0.678304
1842.9, 0.678726
1843.9, 0.679147
1844.9, 0.679565
1845.9, 0.679978
1846.9, 0.680385
1847.9, 0.680785
1848.9, 0.681176
1849.9, 0.68156
1850.9, 0.681935
1851.9, 0.682303
1852.9, 0.682664
1853.9, 0.683021
1854.9, 0.683375
1855.9, 0.683727
1856.9, 0.68408
1857.91, 0.684435
1858.91, 0.684794
1859.91, 0.685157
1860.91, 0.685526
1861.91, 0.685902
1862.91, 0.686283
1863.91, 0.68667
1864.91, 0.687062
1865.91, 0.687457
1866.91, 0.687854
1867.91, 0.688251
1868.91, 0.688646
1869.91, 0.689038
1870.91, 0.689425
1871.91, 0.689806
1872.92, 0.69018
1873.92, 0.690546
1874.92, 0.690904
1875.92, 0.691255
1876.92, 0.691598
1877.92, 0.691936
1878.92, 0.69227
1879.92, 0.6926
1880.92, 0.692929
1881.92, 0.693259
1882.92, 0.693591
1883.92, 0.693926
1884.92, 0.694266
1885.92, 0.694611
1886.92, 0.694962
1887.93, 0.69532
1888.93, 0.695682
1889.93, 0.69605
1890.93, 0.696421
1891.93, 0.696794
1892.93, 0.697168
1893.93, 0.697542
1894.93, 0.697912
1895.93, 0.698279
1896.93, 0.69864
1897.93, 0.698995
1898.93, 0.699342
1899.93, 0.699682
1900.93, 0.700015
1901.93, 0.70034
1902.94, 0.70066
1903.94, 0.700974
1904.94, 0.701285
1905.94, 0.701593
1906.94, 0.701901
1907.94, 0.70221
1908.94, 0.702521
1909.94, 0.702836
1910.94, 0.703156
1911.94, 0.703481
1912.94, 0.703812
1913.94, 0.704148
1914.94, 0.70449
1915.94, 0.704837
1916.94, 0.705186
1917.95, 0.705538
1918.95, 0.705891
1919.95, 0.706243
1920.95, 0.706593
1921.95, 0.706939
1922.95, 0.70728
1923.95, 0.707615
1924.95, 0.707943
1925.95, 0.708264
1926.95, 0.708578
1927.95, 0.708885
1928.95, 0.709186
1929.95, 0.709482
1930.95, 0.709774
1931.95, 0.710064
1932.96, 0.710352
1933.96, 0.710641
1934.96, 0.710931
1935.96, 0.711224
1936.96, 0.711522
1937.96, 0.711825
1938.96, 0.712133
1939.96, 0.712446
1940.96, 0.712765
1941.96, 0.713089
1942.96, 0.713417
1943.96, 0.713748
1944.96, 0.71408
1945.96, 0.714413
1946.96, 0.714746
1947.97, 0.715075
1948.97, 0.715401
1949.97, 0.715722
1950.97, 0.716037
1951.97, 0.716345
1952.97, 0.716647
1953.97, 0.716942
1954.97, 0.717231
1955.97, 0.717514
1956.97, 0.717792
1957.97, 0.718066
1958.97, 0.718337
1959.97, 0.718607
1960.97, 0.718878
1961.97, 0.719149
1962.98, 0.719424
1963.98, 0.719703
1964.98, 0.719986
1965.98, 0.720274
1966.98, 0.720567
1967.98, 0.720866
1968.98, 0.72117
1969.98, 0.721478
1970.98, 0.72179
1971.98, 0.722104
1972.98, 0.722418
1973.98, 0.722733
1974.98, 0.723046
1975.98, 0.723356
1976.98, 0.723662
1977.99, 0.723963
1978.99, 0.724258
1979.99, 0.724547
1980.99, 0.72483
1981.99, 0.725106
1982.99, 0.725376
1983.99, 0.72564
1984.99, 0.725901
1985.99, 0.726157
1986.99, 0.726412
1987.99, 0.726665
1988.99, 0.726919
1989.99, 0.727174
1990.99, 0.727432
1991.99, 0.727694
1993, 0.72796
1994, 0.728231
1995, 0.728507
1996, 0.728789
1997, 0.729075
1998, 0.729365
1999, 0.729659
2000, 0.729955


