500, 0.637376
501.001, 0.638759
502.001, 0.639717
503.002, 0.641004
504.003, 0.642101
505.003, 0.643258
506.004, 0.644522
507.005, 0.645528
508.005, 0.646964
509.006, 0.647826
510.007, 0.649404
511.007, 0.650172
512.008, 0.651816
513.009, 0.652586
514.009, 0.654179
515.01, 0.655076
516.011, 0.65649
517.011, 0.65763
518.012, 0.658772
519.013, 0.660202
520.013, 0.66108
521.014, 0.662727
522.015, 0.66348
523.015, 0.665145
524.016, 0.666009
525.017, 0.667447
526.017, 0.66864
527.018, 0.669703
528.019, 0.671268
529.019, 0.67204
530.02, 0.673767
531.021, 0.674565
532.021, 0.676086
533.022, 0.677262
534.023, 0.678327
535.023, 0.679967
536.024, 0.680703
537.025, 0.682481
538.025, 0.683364
539.026, 0.684776
540.027, 0.686219
541.027, 0.687087
542.028, 0.688974
543.029, 0.689734
544.029, 0.691433
545.03, 0.692762
546.031, 0.693803
547.031, 0.695825
548.032, 0.696572
549.033, 0.698561
550.033, 0.699959
551.034, 0.701164
552.035, 0.703568
553.035, 0.704382
554.036, 0.706866
555.037, 0.708744
556.037, 0.71017
557.038, 0.713951
558.039, 0.71512
559.039, 0.719792
560.04, 0.727368
561.041, 0.72995
562.041, 0.736023
563.042, 0.740916
564.043, 0.736557
565.043, 0.736177
566.044, 0.741774
567.045, 0.745626
568.045, 0.748016
569.046, 0.747526
570.047, 0.745937
571.047, 0.747584
572.048, 0.750489
573.049, 0.752868
574.049, 0.755474
575.05, 0.757605
576.051, 0.758254
577.051, 0.758565
578.052, 0.75931
579.053, 0.759842
580.053, 0.761475
581.054, 0.763493
582.055, 0.764545
583.055, 0.765755
584.056, 0.759687
585.057, 0.745093
586.057, 0.740068
587.058, 0.743006
588.059, 0.736245
589.059, 0.731909
590.06, 0.739934
591.061, 0.741934
592.061, 0.739049
593.062, 0.745541
594.063, 0.751681
595.063, 0.752453
596.064, 0.757318
597.065, 0.762398
598.065, 0.763504
599.066, 0.766792
600.067, 0.770854
601.067, 0.772799
602.068, 0.776019
603.069, 0.779068
604.069, 0.780275
605.07, 0.782887
606.071, 0.785775
607.071, 0.78698
608.072, 0.788969
609.073, 0.791274
610.073, 0.792317
611.074, 0.794135
612.075, 0.796467
613.075, 0.797574
614.076, 0.79907
615.077, 0.801223
616.077, 0.802362
617.078, 0.803599
618.079, 0.80559
619.079, 0.806799
620.08, 0.807858
621.081, 0.809763
622.081, 0.811168
623.082, 0.812109
624.083, 0.813782
625.083, 0.815262
626.084, 0.816089
627.085, 0.817492
628.085, 0.819088
629.086, 0.82
630.087, 0.821188
631.087, 0.822844
632.088, 0.82391
633.089, 0.824861
634.089, 0.826387
635.09, 0.827599
636.091, 0.828378
637.091, 0.829651
638.092, 0.830999
639.093, 0.83179
640.093, 0.832794
641.094, 0.834198
642.095, 0.835169
643.095, 0.835972
644.096, 0.837264
645.097, 0.838448
646.097, 0.839182
647.098, 0.840201
648.099, 0.841469
649.099, 0.842292
650.1, 0.843019
651.101, 0.844163
652.101, 0.845166
653.102, 0.845781
654.103, 0.846654
655.103, 0.847769
656.104, 0.848513
657.105, 0.849147
658.105, 0.850164
659.106, 0.851133
660.107, 0.851729
661.107, 0.852479
662.108, 0.853513
663.109, 0.854275
664.109, 0.85481
665.11, 0.855638
666.111, 0.856557
667.111, 0.857122
668.112, 0.85765
669.113, 0.85849
670.113, 0.859246
671.114, 0.859683
672.115, 0.860245
673.115, 0.861061
674.116, 0.861677
675.117, 0.862064
676.117, 0.862672
677.118, 0.863443
678.119, 0.863953
679.119, 0.864329
680.12, 0.864962
681.121, 0.865665
682.121, 0.866084
683.122, 0.866447
684.123, 0.867065
685.123, 0.867682
686.124, 0.868017
687.125, 0.86835
688.125, 0.868927
689.126, 0.869456
690.127, 0.869721
691.127, 0.870018
692.128, 0.870545
693.129, 0.871006
694.129, 0.871221
695.13, 0.871484
696.131, 0.871967
697.131, 0.872384
698.132, 0.872567
699.133, 0.872795
700.133, 0.873238
701.134, 0.873626
702.135, 0.873786
703.135, 0.873972
704.136, 0.874365
705.137, 0.874729
706.137, 0.874869
707.138, 0.875
708.139, 0.875331
709.139, 0.87567
710.14, 0.875793
711.141, 0.875863
712.141, 0.876117
713.142, 0.876428
714.143, 0.876545
715.143, 0.876558
716.144, 0.876726
717.145, 0.877005
718.145, 0.877131
719.146, 0.877105
720.147, 0.877183
721.147, 0.877417
722.148, 0.877565
723.149, 0.877527
724.149, 0.87752
725.15, 0.877688
726.151, 0.877856
727.151, 0.877836
728.152, 0.877758
729.153, 0.877836
730.153, 0.878001
731.154, 0.878022
732.155, 0.877904
733.155, 0.877875
734.156, 0.877996
735.157, 0.878061
736.157, 0.877947
737.158, 0.877817
738.159, 0.877846
739.159, 0.87793
740.16, 0.877862
741.161, 0.877673
742.161, 0.877578
743.162, 0.877625
744.163, 0.877618
745.163, 0.877439
746.164, 0.877233
747.165, 0.877178
748.165, 0.877197
749.166, 0.877086
750.167, 0.876838
751.167, 0.87665
752.168, 0.876615
753.169, 0.876576
754.169, 0.876374
755.17, 0.876093
756.171, 0.87593
757.171, 0.87589
758.172, 0.875782
759.173, 0.875509
760.173, 0.875216
761.174, 0.875069
762.175, 0.875004
763.175, 0.874827
764.176, 0.8745
765.177, 0.874201
766.177, 0.874055
767.178, 0.873954
768.179, 0.873714
769.179, 0.873345
770.18, 0.873036
771.181, 0.872879
772.181, 0.87274
773.182, 0.872449
774.183, 0.872044
775.183, 0.871718
776.184, 0.871544
777.185, 0.871372
778.185, 0.871042
779.186, 0.870605
780.187, 0.870256
781.187, 0.870062
782.188, 0.869868
783.189, 0.869511
784.189, 0.869044
785.19, 0.868666
786.191, 0.868449
787.191, 0.868243
788.192, 0.867874
789.193, 0.867379
790.193, 0.866961
791.194, 0.866716
792.195, 0.866506
793.195, 0.866137
794.196, 0.865616
795.197, 0.865145
796.197, 0.864859
797.198, 0.864646
798.199, 0.864291
799.199, 0.863748
800.2, 0.863208
801.201, 0.862857
802.201, 0.862635
803.202, 0.862305
804.203, 0.86175
805.203, 0.861127
806.204, 0.860674
807.205, 0.860416
808.205, 0.86012
809.206, 0.859574
810.207, 0.858856
811.207, 0.858249
812.208, 0.857901
813.209, 0.857628
814.209, 0.85712
815.21, 0.85631
816.211, 0.855472
817.211, 0.854912
818.212, 0.854595
819.213, 0.854147
820.213, 0.853264
821.214, 0.852062
822.215, 0.850969
823.215, 0.85025
824.216, 0.849712
825.217, 0.848937
826.217, 0.84784
827.218, 0.846903
828.219, 0.846759
829.219, 0.847501
830.22, 0.848432
831.221, 0.848606
832.221, 0.847707
833.222, 0.84641
834.223, 0.84581
835.223, 0.846408
836.224, 0.847585
837.225, 0.848111
838.225, 0.847245
839.226, 0.845443
840.227, 0.844005
841.227, 0.843959
842.228, 0.84516
843.229, 0.846399
844.229, 0.84642
845.23, 0.84496
846.231, 0.842941
847.231, 0.841692
848.232, 0.841881
849.233, 0.84304
850.233, 0.844011
851.234, 0.843879
852.235, 0.842624
853.235, 0.841018
854.236, 0.839962
855.237, 0.839836
856.237, 0.840327
857.238, 0.840787
858.239, 0.840736
859.239, 0.840129
860.24, 0.839267
861.241, 0.838499
862.241, 0.838004
863.242, 0.837755
864.243, 0.837628
865.243, 0.837506
866.244, 0.83731
867.245, 0.836996
868.245, 0.836552
869.246, 0.836024
870.247, 0.835514
871.247, 0.835128
872.248, 0.834889
873.249, 0.834709
874.249, 0.834444
875.25, 0.834012
876.251, 0.833467
877.252, 0.832969
878.252, 0.832657
879.253, 0.832535
880.254, 0.832457
881.254, 0.832229
882.255, 0.831751
883.256, 0.831085
884.256, 0.830407
885.257, 0.829884
886.258, 0.82957
887.258, 0.829397
888.259, 0.829245
889.26, 0.829029
890.26, 0.828736
891.261, 0.828392
892.262, 0.828005
893.262, 0.827545
894.263, 0.826972
895.264, 0.826291
896.264, 0.825578
897.265, 0.824944
898.266, 0.824474
899.266, 0.82417
900.267, 0.823956
901.268, 0.823734
902.268, 0.823435
903.269, 0.823051
904.27, 0.822606
905.27, 0.822115
906.271, 0.821557
907.272, 0.820894
908.272, 0.820105
909.273, 0.819224
910.274, 0.818332
911.274, 0.817511
912.275, 0.816808
913.276, 0.816209
914.276, 0.815663
915.277, 0.815121
916.278, 0.814568
917.278, 0.814017
918.279, 0.813481
919.28, 0.812942
920.28, 0.812349
921.281, 0.811638
922.282, 0.810776
923.282, 0.809772
924.283, 0.808679
925.284, 0.807551
926.284, 0.80642
927.285, 0.805284
928.286, 0.804122
929.286, 0.802928
930.287, 0.801726
931.288, 0.800562
932.288, 0.799477
933.289, 0.798479
934.29, 0.797536
935.29, 0.796594
936.291, 0.795604
937.292, 0.794551
938.292, 0.793443
939.293, 0.7923
940.294, 0.791122
941.294, 0.789885
942.295, 0.788546
943.296, 0.78707
944.296, 0.785452
945.297, 0.783723
946.298, 0.781927
947.298, 0.780103
948.299, 0.778261
949.3, 0.776388
950.3, 0.774466
951.301, 0.77249
952.302, 0.770485
953.302, 0.768489
954.303, 0.766537
955.304, 0.764641
956.304, 0.762781
957.305, 0.760918
958.306, 0.759015
959.306, 0.757058
960.307, 0.755053
961.308, 0.753017
962.308, 0.750956
963.309, 0.748855
964.31, 0.746677
965.31, 0.744378
966.311, 0.741931
967.312, 0.739334
968.312, 0.736607
969.313, 0.733779
970.314, 0.730867
971.314, 0.727865
972.315, 0.724755
973.316, 0.721515
974.316, 0.71814
975.317, 0.714651
976.318, 0.711083
977.318, 0.707476
978.319, 0.703852
979.32, 0.70021
980.32, 0.696533
981.321, 0.692799
982.322, 0.689
983.322, 0.685146
984.323, 0.68126
985.324, 0.677364
986.324, 0.673461
987.325, 0.669535
988.326, 0.665549
989.326, 0.661466
990.327, 0.657259
991.328, 0.652919
992.328, 0.648454
993.329, 0.643875
994.33, 0.63918
995.33, 0.634352
996.331, 0.629358
997.332, 0.624161
998.332, 0.618737
999.333, 0.613081
1000.33, 0.607206
1001.33, 0.601135
1002.33, 0.594885
1003.34, 0.588462
1004.34, 0.581854
1005.34, 0.575043
1006.34, 0.568017
1007.34, 0.560781
1008.34, 0.553356
1009.34, 0.545779
1010.34, 0.538084
1011.34, 0.530297
1012.34, 0.522425
1013.34, 0.514463
1014.34, 0.506399
1015.34, 0.49823
1016.34, 0.489966
1017.34, 0.481628
1018.35, 0.473246
1019.35, 0.464839
1020.35, 0.456416
1021.35, 0.447963
1022.35, 0.439458
1023.35, 0.430873
1024.35, 0.422189
1025.35, 0.413401
1026.35, 0.404515
1027.35, 0.395545
1028.35, 0.386498
1029.35, 0.377374
1030.35, 0.36816
1031.35, 0.358834
1032.35, 0.349381
1033.36, 0.339796
1034.36, 0.330093
1035.36, 0.320306
1036.36, 0.31048
1037.36, 0.300665
1038.36, 0.290908
1039.36, 0.281251
1040.36, 0.271735
1041.36, 0.262404
1042.36, 0.253316
1043.36, 0.244551
1044.36, 0.236204
1045.36, 0.228386
1046.36, 0.221212
1047.36, 0.214792
1048.37, 0.209221
1049.37, 0.204584
1050.37, 0.200951
1051.37, 0.198384
1052.37, 0.196944
1053.37, 0.196689
1054.37, 0.19767
1055.37, 0.199928
1056.37, 0.203483
1057.37, 0.208328
1058.37, 0.214425
1059.37, 0.221712
1060.37, 0.230104
1061.37, 0.239505
1062.37, 0.249818
1063.38, 0.260947
1064.38, 0.2728
1065.38, 0.285287
1066.38, 0.298317
1067.38, 0.311794
1068.38, 0.325614
1069.38, 0.339671
1070.38, 0.353864
1071.38, 0.368096
1072.38, 0.382287
1073.38, 0.396375
1074.38, 0.410309
1075.38, 0.424056
1076.38, 0.437582
1077.38, 0.450858
1078.39, 0.463847
1079.39, 0.476511
1080.39, 0.488812
1081.39, 0.500714
1082.39, 0.51219
1083.39, 0.523225
1084.39, 0.533815
1085.39, 0.543962
1086.39, 0.553671
1087.39, 0.562943
1088.39, 0.571776
1089.39, 0.580159
1090.39, 0.588079
1091.39, 0.595522
1092.39, 0.602481
1093.4, 0.608956
1094.4, 0.614958
1095.4, 0.620502
1096.4, 0.625608
1097.4, 0.630295
1098.4, 0.634574
1099.4, 0.638452
1100.4, 0.641931
1101.4, 0.64501
1102.4, 0.647692
1103.4, 0.649983
1104.4, 0.6519
1105.4, 0.653465
1106.4, 0.654702
1107.4, 0.655636
1108.41, 0.656286
1109.41, 0.656664
1110.41, 0.656779
1111.41, 0.656631
1112.41, 0.656223
1113.41, 0.65556
1114.41, 0.654653
1115.41, 0.653518
1116.41, 0.652175
1117.41, 0.650645
1118.41, 0.648946
1119.41, 0.647088
1120.41, 0.645078
1121.41, 0.642914
1122.41, 0.640595
1123.42, 0.638119
1124.42, 0.635487
1125.42, 0.632708
1126.42, 0.629793
1127.42, 0.626757
1128.42, 0.623615
1129.42, 0.620375
1130.42, 0.617042
1131.42, 0.613617
1132.42, 0.610093
1133.42, 0.606464
1134.42, 0.602727
1135.42, 0.598883
1136.42, 0.594936
1137.42, 0.590897
1138.43, 0.586776
1139.43, 0.582584
1140.43, 0.578328
1141.43, 0.574009
1142.43, 0.569625
1143.43, 0.56517
1144.43, 0.560638
1145.43, 0.556025
1146.43, 0.551331
1147.43, 0.546562
1148.43, 0.541728
1149.43, 0.536838
1150.43, 0.531902
1151.43, 0.526926
1152.43, 0.521913
1153.44, 0.51686
1154.44, 0.511762
1155.44, 0.506613
1156.44, 0.501412
1157.44, 0.496158
1158.44, 0.490857
1159.44, 0.485517
1160.44, 0.480149
1161.44, 0.474761
1162.44, 0.46936
1163.44, 0.463949
1164.44, 0.458526
1165.44, 0.453086
1166.44, 0.447625
1167.44, 0.44214
1168.45, 0.436631
1169.45, 0.4311
1170.45, 0.425555
1171.45, 0.420005
1172.45, 0.414458
1173.45, 0.408921
1174.45, 0.403395
1175.45, 0.397881
1176.45, 0.392374
1177.45, 0.386869
1178.45, 0.381362
1179.45, 0.375851
1180.45, 0.370337
1181.45, 0.364824
1182.45, 0.35932
1183.46, 0.353831
1184.46, 0.348365
1185.46, 0.342924
1186.46, 0.33751
1187.46, 0.332118
1188.46, 0.326743
1189.46, 0.321382
1190.46, 0.31603
1191.46, 0.310685
1192.46, 0.30535
1193.46, 0.300031
1194.46, 0.294732
1195.46, 0.289462
1196.46, 0.284226
1197.46, 0.279024
1198.47, 0.273857
1199.47, 0.268721
1200.47, 0.263612
1201.47, 0.258524
1202.47, 0.253455
1203.47, 0.248405
1204.47, 0.243375
1205.47, 0.238373
1206.47, 0.233404
1207.47, 0.228474
1208.47, 0.223589
1209.47, 0.218751
1210.47, 0.213958
1211.47, 0.209209
1212.47, 0.204498
1213.48, 0.199822
1214.48, 0.195178
1215.48, 0.190566
1216.48, 0.18599
1217.48, 0.181453
1218.48, 0.176964
1219.48, 0.172527
1220.48, 0.168148
1221.48, 0.16383
1222.48, 0.159572
1223.48, 0.155372
1224.48, 0.151225
1225.48, 0.147129
1226.48, 0.14308
1227.48, 0.139077
1228.49, 0.135122
1229.49, 0.13122
1230.49, 0.127375
1231.49, 0.123594
1232.49, 0.119883
1233.49, 0.116242
1234.49, 0.112674
1235.49, 0.109177
1236.49, 0.105745
1237.49, 0.102376
1238.49, 0.0990646
1239.49, 0.0958092
1240.49, 0.0926098
1241.49, 0.0894687
1242.49, 0.08639
1243.5, 0.0833788
1244.5, 0.08044
1245.5, 0.077577
1246.5, 0.0747911
1247.5, 0.0720812
1248.5, 0.0694441
1249.5, 0.0668753
1250.5, 0.06437
1251.5, 0.0619243
1252.5, 0.059536
1253.5, 0.0572054
1254.5, 0.0549346
1255.5, 0.0527276
1256.5, 0.0505888
1257.51, 0.0485224
1258.51, 0.0465309
1259.51, 0.0446148
1260.51, 0.0427725
1261.51, 0.0410004
1262.51, 0.0392936
1263.51, 0.0376471
1264.51, 0.036057
1265.51, 0.034521
1266.51, 0.0330388
1267.51, 0.0316125
1268.51, 0.0302456
1269.51, 0.0289423
1270.51, 0.0277064
1271.51, 0.0265408
1272.52, 0.025446
1273.52, 0.0244206
1274.52, 0.0234612
1275.52, 0.0225632
1276.52, 0.0217215
1277.52, 0.0209317
1278.52, 0.020191
1279.52, 0.0194984
1280.52, 0.0188553
1281.52, 0.0182646
1282.52, 0.0177303
1283.52, 0.0172564
1284.52, 0.016846
1285.52, 0.0165006
1286.52, 0.0162197
1287.53, 0.0160007
1288.53, 0.0158395
1289.53, 0.015731
1290.53, 0.0156705
1291.53, 0.0156539
1292.53, 0.0156793
1293.53, 0.0157465
1294.53, 0.0158572
1295.53, 0.0160147
1296.53, 0.0162229
1297.53, 0.0164855
1298.53, 0.016805
1299.53, 0.0171823
1300.53, 0.0176162
1301.53, 0.0181036
1302.54, 0.0186401
1303.54, 0.0192206
1304.54, 0.0198402
1305.54, 0.0204953
1306.54, 0.0211838
1307.54, 0.0219055
1308.54, 0.0226621
1309.54, 0.0234568
1310.54, 0.0242932
1311.54, 0.0251748
1312.54, 0.0261039
1313.54, 0.0270814
1314.54, 0.028106
1315.54, 0.0291749
1316.54, 0.0302836
1317.55, 0.0314271
1318.55, 0.0326005
1319.55, 0.0337999
1320.55, 0.0350228
1321.55, 0.0362686
1322.55, 0.0375385
1323.55, 0.0388353
1324.55, 0.0401623
1325.55, 0.0415231
1326.55, 0.0429203
1327.55, 0.0443554
1328.55, 0.0458279
1329.55, 0.0473356
1330.55, 0.0488746
1331.55, 0.0504404
1332.56, 0.052028
1333.56, 0.0536332
1334.56, 0.0552527
1335.56, 0.0568852
1336.56, 0.058531
1337.56, 0.0601922
1338.56, 0.0618717
1339.56, 0.0635733
1340.56, 0.0653002
1341.56, 0.0670548
1342.56, 0.0688381
1343.56, 0.070649
1344.56, 0.0724852
1345.56, 0.0743428
1346.56, 0.0762173
1347.57, 0.0781042
1348.57, 0.0799994
1349.57, 0.0819006
1350.57, 0.0838066
1351.57, 0.0857183
1352.57, 0.0876379
1353.57, 0.0895686
1354.57, 0.0915142
1355.57, 0.093478
1356.57, 0.0954625
1357.57, 0.0974687
1358.57, 0.099496
1359.57, 0.101542
1360.57, 0.103604
1361.57, 0.105676
1362.58, 0.107756
1363.58, 0.109838
1364.58, 0.111921
1365.58, 0.114003
1366.58, 0.116085
1367.58, 0.118168
1368.58, 0.120257
1369.58, 0.122354
1370.58, 0.124464
1371.58, 0.126588
1372.58, 0.128729
1373.58, 0.130887
1374.58, 0.13306
1375.58, 0.135245
1376.58, 0.137439
1377.59, 0.139637
1378.59, 0.141836
1379.59, 0.144032
1380.59, 0.146223
1381.59, 0.14841
1382.59, 0.150592
1383.59, 0.152774
1384.59, 0.154958
1385.59, 0.157147
1386.59, 0.159346
1387.59, 0.161556
1388.59, 0.163779
1389.59, 0.166015
1390.59, 0.168261
1391.59, 0.170515
1392.6, 0.172773
1393.6, 0.175031
1394.6, 0.177285
1395.6, 0.179532
1396.6, 0.181771
1397.6, 0.184001
1398.6, 0.186223
1399.6, 0.188441
1400.6, 0.190658
1401.6, 0.192876
1402.6, 0.195099
1403.6, 0.19733
1404.6, 0.199569
1405.6, 0.201818
1406.6, 0.204073
1407.61, 0.206333
1408.61, 0.208594
1409.61, 0.210852
1410.61, 0.213103
1411.61, 0.215345
1412.61, 0.217574
1413.61, 0.219792
1414.61, 0.221998
1415.61, 0.224195
1416.61, 0.226386
1417.61, 0.228574
1418.61, 0.230762
1419.61, 0.232953
1420.61, 0.235149
1421.61, 0.23735
1422.62, 0.239556
1423.62, 0.241765
1424.62, 0.243973
1425.62, 0.246177
1426.62, 0.248374
1427.62, 0.25056
1428.62, 0.252733
1429.62, 0.25489
1430.62, 0.257034
1431.62, 0.259164
1432.62, 0.261282
1433.62, 0.263393
1434.62, 0.265499
1435.62, 0.267603
1436.62, 0.269708
1437.63, 0.271816
1438.63, 0.273927
1439.63, 0.27604
1440.63, 0.278153
1441.63, 0.280264
1442.63, 0.282369
1443.63, 0.284464
1444.63, 0.286546
1445.63, 0.288615
1446.63, 0.290667
1447.63, 0.292703
1448.63, 0.294724
1449.63, 0.296733
1450.63, 0.298732
1451.63, 0.300725
1452.64, 0.302715
1453.64, 0.304704
1454.64, 0.306694
1455.64, 0.308686
1456.64, 0.31068
1457.64, 0.312674
1458.64, 0.314666
1459.64, 0.316652
1460.64, 0.31863
1461.64, 0.320596
1462.64, 0.322548
1463.64, 0.324485
1464.64, 0.326406
1465.64, 0.328311
1466.64, 0.330203
1467.65, 0.332083
1468.65, 0.333955
1469.65, 0.335823
1470.65, 0.337688
1471.65, 0.339554
1472.65, 0.341421
1473.65, 0.34329
1474.65, 0.345161
1475.65, 0.347032
1476.65, 0.3489
1477.65, 0.350763
1478.65, 0.352616
1479.65, 0.354459
1480.65, 0.356288
1481.65, 0.358101
1482.66, 0.3599
1483.66, 0.361684
1484.66, 0.363455
1485.66, 0.365216
1486.66, 0.36697
1487.66, 0.368719
1488.66, 0.370466
1489.66, 0.372214
1490.66, 0.373964
1491.66, 0.375717
1492.66, 0.377472
1493.66, 0.379228
1494.66, 0.380981
1495.66, 0.382731
1496.66, 0.384473
1497.67, 0.386205
1498.67, 0.387925
1499.67, 0.389631
1500.67, 0.391323
1501.67, 0.393
1502.67, 0.394665
1503.67, 0.396318
1504.67, 0.397964
1505.67, 0.399604
1506.67, 0.401242
1507.67, 0.402879
1508.67, 0.404518
1509.67, 0.40616
1510.67, 0.407805
1511.67, 0.409451
1512.68, 0.411097
1513.68, 0.412741
1514.68, 0.41438
1515.68, 0.416012
1516.68, 0.417633
1517.68, 0.419241
1518.68, 0.420836
1519.68, 0.422417
1520.68, 0.423984
1521.68, 0.425538
1522.68, 0.427083
1523.68, 0.428619
1524.68, 0.430151
1525.68, 0.43168
1526.68, 0.433208
1527.69, 0.434739
1528.69, 0.436271
1529.69, 0.437806
1530.69, 0.439343
1531.69, 0.44088
1532.69, 0.442415
1533.69, 0.443945
1534.69, 0.445467
1535.69, 0.44698
1536.69, 0.448481
1537.69, 0.449968
1538.69, 0.451442
1539.69, 0.452901
1540.69, 0.454348
1541.69, 0.455784
1542.7, 0.457211
1543.7, 0.458631
1544.7, 0.460048
1545.7, 0.461463
1546.7, 0.462879
1547.7, 0.464296
1548.7, 0.465716
1549.7, 0.467137
1550.7, 0.468559
1551.7, 0.46998
1552.7, 0.471397
1553.7, 0.472809
1554.7, 0.474212
1555.7, 0.475605
1556.7, 0.476986
1557.71, 0.478353
1558.71, 0.479707
1559.71, 0.481046
1560.71, 0.482374
1561.71, 0.483691
1562.71, 0.484999
1563.71, 0.486301
1564.71, 0.487599
1565.71, 0.488897
1566.71, 0.490194
1567.71, 0.491493
1568.71, 0.492793
1569.71, 0.494096
1570.71, 0.495399
1571.71, 0.496701
1572.72, 0.498
1573.72, 0.499294
1574.72, 0.500581
1575.72, 0.501857
1576.72, 0.503123
1577.72, 0.504375
1578.72, 0.505614
1579.72, 0.50684
1580.72, 0.508054
1581.72, 0.509256
1582.72, 0.51045
1583.72, 0.511638
1584.72, 0.512821
1585.72, 0.514002
1586.72, 0.515182
1587.73, 0.516364
1588.73, 0.517548
1589.73, 0.518735
1590.73, 0.519922
1591.73, 0.52111
1592.73, 0.522297
1593.73, 0.523481
1594.73, 0.524659
1595.73, 0.52583
1596.73, 0.526991
1597.73, 0.528141
1598.73, 0.52928
1599.73, 0.530405
1600.73, 0.531519
1601.73, 0.532622
1602.74, 0.533714
1603.74, 0.534799
1604.74, 0.535878
1605.74, 0.536954
1606.74, 0.538029
1607.74, 0.539103
1608.74, 0.54018
1609.74, 0.541259
1610.74, 0.54234
1611.74, 0.543424
1612.74, 0.54451
1613.74, 0.545595
1614.74, 0.546678
1615.74, 0.547756
1616.74, 0.548829
1617.75, 0.549893
1618.75, 0.550948
1619.75, 0.551993
1620.75, 0.553025
1621.75, 0.554047
1622.75, 0.555058
1623.75, 0.55606
1624.75, 0.557054
1625.75, 0.558042
1626.75, 0.559027
1627.75, 0.560009
1628.75, 0.560992
1629.75, 0.561977
1630.75, 0.562964
1631.75, 0.563954
1632.76, 0.564948
1633.76, 0.565944
1634.76, 0.566942
1635.76, 0.56794
1636.76, 0.568936
1637.76, 0.569928
1638.76, 0.570914
1639.76, 0.571893
1640.76, 0.572863
1641.76, 0.573823
1642.76, 0.574773
1643.76, 0.575712
1644.76, 0.576642
1645.76, 0.577563
1646.76, 0.578478
1647.77, 0.579387
1648.77, 0.580292
1649.77, 0.581197
1650.77, 0.582102
1651.77, 0.583008
1652.77, 0.583918
1653.77, 0.584831
1654.77, 0.585748
1655.77, 0.586668
1656.77, 0.58759
1657.77, 0.588513
1658.77, 0.589435
1659.77, 0.590354
1660.77, 0.59127
1661.77, 0.592179
1662.78, 0.59308
1663.78, 0.593973
1664.78, 0.594856
1665.78, 0.595729
1666.78, 0.596593
1667.78, 0.597448
1668.78, 0.598295
1669.78, 0.599137
1670.78, 0.599975
1671.78, 0.60081
1672.78, 0.601644
1673.78, 0.602479
1674.78, 0.603317
1675.78, 0.604158
1676.78, 0.605002
1677.79, 0.60585
1678.79, 0.606701
1679.79, 0.607554
1680.79, 0.608408
1681.79, 0.609262
1682.79, 0.610113
1683.79, 0.61096
1684.79, 0.611801
1685.79, 0.612635
1686.79, 0.61346
1687.79, 0.614277
1688.79, 0.615084
1689.79, 0.615882
1690.79, 0.616671
1691.79, 0.617453
1692.8, 0.618229
1693.8, 0.619
1694.8, 0.619768
1695.8, 0.620535
1696.8, 0.621303
1697.8, 0.622072
1698.8, 0.622843
1699.8, 0.623618
1700.8, 0.624397
1701.8, 0.625179
1702.8, 0.625963
1703.8, 0.626749
1704.8, 0.627535
1705.8, 0.62832
1706.8, 0.629102
1707.81, 0.62988
1708.81, 0.630651
1709.81, 0.631415
1710.81, 0.632171
1711.81, 0.632918
1712.81, 0.633656
1713.81, 0.634385
1714.81, 0.635106
1715.81, 0.63582
1716.81, 0.636528
1717.81, 0.637231
1718.81, 0.637932
1719.81, 0.638631
1720.81, 0.639331
1721.81, 0.640032
1722.82, 0.640736
1723.82, 0.641442
1724.82, 0.642152
1725.82, 0.642866
1726.82, 0.643582
1727.82, 0.6443
1728.82, 0.645018
1729.82, 0.645736
1730.82, 0.646451
1731.82, 0.647163
1732.82, 0.647869
1733.82, 0.648569
1734.82, 0.649261
1735.82, 0.649945
1736.82, 0.65062
1737.83, 0.651287
1738.83, 0.651945
1739.83, 0.652597
1740.83, 0.653241
1741.83, 0.653881
1742.83, 0.654517
1743.83, 0.655151
1744.83, 0.655785
1745.83, 0.656419
1746.83, 0.657054
1747.83, 0.657693
1748.83, 0.658334
1749.83, 0.65898
1750.83, 0.659628
1751.83, 0.660279
1752.84, 0.660931
1753.84, 0.661585
1754.84, 0.662237
1755.84, 0.662888
1756.84, 0.663536
1757.84, 0.664178
1758.84, 0.664815
1759.84, 0.665444
1760.84, 0.666066
1761.84, 0.66668
1762.84, 0.667286
1763.84, 0.667884
1764.84, 0.668475
1765.84, 0.66906
1766.84, 0.66964
1767.85, 0.670216
1768.85, 0.67079
1769.85, 0.671363
1770.85, 0.671936
1771.85, 0.672511
1772.85, 0.673088
1773.85, 0.673668
1774.85, 0.674252
1775.85, 0.674839
1776.85, 0.675429
1777.85, 0.676022
1778.85, 0.676617
1779.85, 0.677212
1780.85, 0.677807
1781.85, 0.678399
1782.86, 0.678989
1783.86, 0.679574
1784.86, 0.680153
1785.86, 0.680726
1786.86, 0.681291
1787.86, 0.68185
1788.86, 0.6824
1789.86, 0.682944
1790.86, 0.683481
1791.86, 0.684013
1792.86, 0.68454
1793.86, 0.685064
1794.86, 0.685585
1795.86, 0.686106
1796.86, 0.686627
1797.87, 0.68715
1798.87, 0.687675
1799.87, 0.688204
1800.87, 0.688736
1801.87, 0.689271
1802.87, 0.68981
1803.87, 0.690353
1804.87, 0.690897
1805.87, 0.691443
1806.87, 0.69199
1807.87, 0.692535
1808.87, 0.693078
1809.87, 0.693618
1810.87, 0.694153
1811.87, 0.694683
1812.88, 0.695206
1813.88, 0.695723
1814.88, 0.696234
1815.88, 0.696737
1816.88, 0.697234
1817.88, 0.697725
1818.88, 0.698211
1819.88, 0.698694
1820.88, 0.699173
1821.88, 0.699651
1822.88, 0.700128
1823.88, 0.700606
1824.88, 0.701086
1825.88, 0.701569
1826.88, 0.702054
1827.89, 0.702544
1828.89, 0.703037
1829.89, 0.703534
1830.89, 0.704034
1831.89, 0.704537
1832.89, 0.705042
1833.89, 0.705547
1834.89, 0.706052
1835.89, 0.706556
1836.89, 0.707056
1837.89, 0.707554
1838.89, 0.708046
1839.89, 0.708533
1840.89, 0.709014
1841.89, 0.709489
1842.9, 0.709957
1843.9, 0.710419
1844.9, 0.710875
1845.9, 0.711327
1846.9, 0.711773
1847.9, 0.712217
1848.9, 0.712658
1849.9, 0.713098
1850.9, 0.713538
1851.9, 0.71398
1852.9, 0.714423
1853.9, 0.714869
1854.9, 0.715318
1855.9, 0.715771
1856.9, 0.716228
1857.91, 0.716688
1858.91, 0.717152
1859.91, 0.717618
1860.91, 0.718086
1861.91, 0.718555
1862.91, 0.719024
1863.91, 0.719491
1864.91, 0.719957
1865.91, 0.720419
1866.91, 0.720877
1867.91, 0.721329
1868.91, 0.721777
1869.91, 0.722218
1870.91, 0.722653
1871.91, 0.723083
1872.92, 0.723506
1873.92, 0.723924
1874.92, 0.724338
1875.92, 0.724748
1876.92, 0.725155
1877.92, 0.725561
1878.92, 0.725966
1879.92, 0.726372
1880.92, 0.726779
1881.92, 0.727187
1882.92, 0.727599
1883.92, 0.728014
1884.92, 0.728433
1885.92, 0.728855
1886.92, 0.729281
1887.93, 0.729709
1888.93, 0.73014
1889.93, 0.730573
1890.93, 0.731007
1891.93, 0.73144
1892.93, 0.731873
1893.93, 0.732303
1894.93, 0.73273
1895.93, 0.733154
1896.93, 0.733572
1897.93, 0.733985
1898.93, 0.734393
1899.93, 0.734795
1900.93, 0.735191
1901.93, 0.735581
1902.94, 0.735966
1903.94, 0.736347
1904.94, 0.736723
1905.94, 0.737097
1906.94, 0.737468
1907.94, 0.737839
1908.94, 0.738209
1909.94, 0.73858
1910.94, 0.738952
1911.94, 0.739327
1912.94, 0.739705
1913.94, 0.740086
1914.94, 0.74047
1915.94, 0.740858
1916.94, 0.741249
1917.95, 0.741642
1918.95, 0.742038
1919.95, 0.742436
1920.95, 0.742834
1921.95, 0.743231
1922.95, 0.743628
1923.95, 0.744023
1924.95, 0.744415
1925.95, 0.744803
1926.95, 0.745186
1927.95, 0.745565
1928.95, 0.745938
1929.95, 0.746306
1930.95, 0.746668
1931.95, 0.747024
1932.96, 0.747376
1933.96, 0.747722
1934.96, 0.748065
1935.96, 0.748405
1936.96, 0.748742
1937.96, 0.749078
1938.96, 0.749414
1939.96, 0.749749
1940.96, 0.750086
1941.96, 0.750425
1942.96, 0.750766
1943.96, 0.75111
1944.96, 0.751458
1945.96, 0.751808
1946.96, 0.752162
1947.97, 0.752519
1948.97, 0.752878
1949.97, 0.75324
1950.97, 0.753603
1951.97, 0.753966
1952.97, 0.754329
1953.97, 0.754691
1954.97, 0.755051
1955.97, 0.755409
1956.97, 0.755762
1957.97, 0.756112
1958.97, 0.756457
1959.97, 0.756797
1960.97, 0.757131
1961.97, 0.757461
1962.98, 0.757785
1963.98, 0.758104
1964.98, 0.758419
1965.98, 0.75873
1966.98, 0.759038
1967.98, 0.759343
1968.98, 0.759647
1969.98, 0.75995
1970.98, 0.760253
1971.98, 0.760557
1972.98, 0.760862
1973.98, 0.761169
1974.98, 0.76148
1975.98, 0.761793
1976.98, 0.762109
1977.99, 0.762429
1978.99, 0.762752
1979.99, 0.763077
1980.99, 0.763405
1981.99, 0.763735
1982.99, 0.764067
1983.99, 0.764398
1984.99, 0.76473
1985.99, 0.765061
1986.99, 0.76539
1987.99, 0.765716
1988.99, 0.766039
1989.99, 0.766358
1990.99, 0.766673
1991.99, 0.766984
1993, 0.767289
1994, 0.76759
1995, 0.767885
1996, 0.768176
1997, 0.768463
1998, 0.768746
1999, 0.769026
2000, 0.769304


