500, 0.612898
501.001, 0.613827
502.001, 0.614445
503.002, 0.615464
504.003, 0.616109
505.003, 0.617035
506.004, 0.61784
507.005, 0.618605
508.005, 0.619566
509.006, 0.620234
510.007, 0.621249
511.007, 0.621931
512.008, 0.622897
513.009, 0.623673
514.009, 0.624538
515.01, 0.625428
516.011, 0.626201
517.011, 0.627174
518.012, 0.627898
519.013, 0.628903
520.013, 0.629628
521.014, 0.630622
522.015, 0.631383
523.015, 0.632338
524.016, 0.633154
525.017, 0.634063
526.017, 0.634933
527.018, 0.635801
528.019, 0.636718
529.019, 0.637558
530.02, 0.638509
531.021, 0.639333
532.021, 0.640309
533.022, 0.64113
534.023, 0.642122
535.023, 0.64295
536.024, 0.643954
537.025, 0.644796
538.025, 0.64581
539.026, 0.646674
540.027, 0.647699
541.027, 0.648589
542.028, 0.64963
543.029, 0.650553
544.029, 0.651614
545.03, 0.652579
546.031, 0.653667
547.031, 0.654687
548.032, 0.655814
549.033, 0.656903
550.033, 0.65809
551.034, 0.659269
552.035, 0.660554
553.035, 0.661851
554.036, 0.663311
555.037, 0.664773
556.037, 0.666574
557.038, 0.668307
558.039, 0.670908
559.039, 0.67338
560.04, 0.679789
561.041, 0.684857
562.041, 0.684291
563.042, 0.683818
564.043, 0.686352
565.043, 0.692505
566.044, 0.691826
567.045, 0.688911
568.045, 0.689889
569.046, 0.69106
570.047, 0.695371
571.047, 0.700096
572.048, 0.702139
573.049, 0.701554
574.049, 0.700878
575.05, 0.700997
576.051, 0.702375
577.051, 0.705068
578.052, 0.707837
579.053, 0.712003
580.053, 0.713249
581.054, 0.715272
582.055, 0.713748
583.055, 0.710217
584.056, 0.713359
585.057, 0.700396
586.057, 0.697415
587.058, 0.715567
588.059, 0.708271
589.059, 0.708546
590.06, 0.726334
591.061, 0.724651
592.061, 0.720737
593.062, 0.717034
594.063, 0.716483
595.063, 0.724958
596.064, 0.724382
597.065, 0.720896
598.065, 0.72093
599.066, 0.723236
600.067, 0.728719
601.067, 0.73068
602.068, 0.731599
603.069, 0.733214
604.069, 0.734638
605.07, 0.737816
606.071, 0.739998
607.071, 0.741751
608.072, 0.743729
609.073, 0.745242
610.073, 0.747642
611.074, 0.749748
612.075, 0.751594
613.075, 0.75355
614.076, 0.755025
615.077, 0.756793
616.077, 0.758427
617.078, 0.759908
618.079, 0.761599
619.079, 0.763102
620.08, 0.764803
621.081, 0.766505
622.081, 0.768048
623.082, 0.769654
624.083, 0.771025
625.083, 0.772399
626.084, 0.773794
627.085, 0.775106
628.085, 0.776598
629.086, 0.778038
630.087, 0.779501
631.087, 0.781046
632.088, 0.782419
633.089, 0.783843
634.089, 0.785197
635.09, 0.786398
636.091, 0.7877
637.091, 0.788873
638.092, 0.790022
639.093, 0.791302
640.093, 0.792444
641.094, 0.793679
642.095, 0.794997
643.095, 0.796168
644.096, 0.797476
645.097, 0.798768
646.097, 0.799903
647.098, 0.801176
648.099, 0.80234
649.099, 0.80337
650.1, 0.804541
651.101, 0.80556
652.101, 0.806506
653.102, 0.80761
654.103, 0.808556
655.103, 0.809494
656.104, 0.810602
657.105, 0.811547
658.105, 0.812521
659.106, 0.813655
660.107, 0.814606
661.107, 0.815591
662.108, 0.816713
663.109, 0.817625
664.109, 0.818559
665.11, 0.819613
666.111, 0.820444
667.111, 0.821284
668.112, 0.822251
669.113, 0.823002
670.113, 0.823754
671.114, 0.824658
672.115, 0.825369
673.115, 0.826066
674.116, 0.826947
675.117, 0.827664
676.117, 0.828336
677.118, 0.829213
678.119, 0.829962
679.119, 0.830613
680.12, 0.831472
681.121, 0.832247
682.121, 0.832863
683.122, 0.833664
684.123, 0.834443
685.123, 0.835009
686.124, 0.83571
687.125, 0.836467
688.125, 0.836986
689.126, 0.837566
690.127, 0.838281
691.127, 0.838782
692.128, 0.839247
693.129, 0.839905
694.129, 0.840426
695.13, 0.840812
696.131, 0.841398
697.131, 0.841966
698.132, 0.842326
699.133, 0.842822
700.133, 0.843431
701.134, 0.843823
702.135, 0.844223
703.135, 0.844825
704.136, 0.845288
705.137, 0.845612
706.137, 0.846135
707.138, 0.846666
708.139, 0.846967
709.139, 0.847354
710.14, 0.847894
711.141, 0.848235
712.141, 0.848485
713.142, 0.848941
714.143, 0.849349
715.143, 0.849533
716.144, 0.849831
717.145, 0.850265
718.145, 0.850488
719.146, 0.850632
720.147, 0.85099
721.147, 0.85131
722.148, 0.851404
723.149, 0.851602
724.149, 0.851965
725.15, 0.852143
726.151, 0.852205
727.151, 0.852479
728.152, 0.85278
729.153, 0.852846
730.153, 0.852947
731.154, 0.853259
732.155, 0.853457
733.155, 0.853461
734.156, 0.85362
735.157, 0.853914
736.157, 0.853997
737.158, 0.85398
738.159, 0.85418
739.159, 0.854405
740.16, 0.854384
741.161, 0.85437
742.161, 0.854576
743.162, 0.854706
744.163, 0.854603
745.163, 0.854596
746.164, 0.854781
747.165, 0.854812
748.165, 0.85465
749.166, 0.854649
750.167, 0.854795
751.167, 0.854738
752.168, 0.854537
753.169, 0.854538
754.169, 0.854643
755.17, 0.854516
756.171, 0.854288
757.171, 0.854287
758.172, 0.854354
759.173, 0.854174
760.173, 0.853925
761.174, 0.853915
762.175, 0.853951
763.175, 0.853733
764.176, 0.85346
765.177, 0.853432
766.177, 0.853444
767.178, 0.853196
768.179, 0.852892
769.179, 0.852835
770.18, 0.852829
771.181, 0.852559
772.181, 0.852213
773.182, 0.852114
774.183, 0.852091
775.183, 0.851809
776.184, 0.851414
777.185, 0.851255
778.185, 0.851217
779.186, 0.850935
780.187, 0.850488
781.187, 0.850254
782.188, 0.850195
783.189, 0.849929
784.189, 0.849439
785.19, 0.84911
786.191, 0.849019
787.191, 0.848786
788.192, 0.848272
789.193, 0.847838
790.193, 0.847688
791.194, 0.847498
792.195, 0.846994
793.195, 0.846451
794.196, 0.846205
795.197, 0.846049
796.197, 0.845597
797.198, 0.844965
798.199, 0.844577
799.199, 0.844419
800.2, 0.844052
801.201, 0.843377
802.201, 0.842813
803.202, 0.842577
804.203, 0.842303
805.203, 0.841655
806.204, 0.840911
807.205, 0.840498
808.205, 0.840264
809.206, 0.839714
810.207, 0.838843
811.207, 0.838157
812.208, 0.837835
813.209, 0.837405
814.209, 0.836509
815.21, 0.835505
816.211, 0.834897
817.211, 0.83449
818.212, 0.833665
819.213, 0.83238
820.213, 0.831259
821.214, 0.830574
822.215, 0.829745
823.215, 0.828231
824.216, 0.82642
825.217, 0.824949
826.217, 0.823406
827.218, 0.820658
828.219, 0.816785
829.219, 0.813821
830.22, 0.81362
831.221, 0.815181
832.221, 0.815215
833.222, 0.811909
834.223, 0.807441
835.223, 0.805794
836.224, 0.808068
837.225, 0.810851
838.225, 0.809831
839.226, 0.804638
840.227, 0.799382
841.227, 0.798288
842.228, 0.801322
843.229, 0.80446
844.229, 0.803932
845.23, 0.799709
846.231, 0.794929
847.231, 0.792541
848.232, 0.792915
849.233, 0.794318
850.233, 0.794937
851.234, 0.794125
852.235, 0.792172
853.235, 0.789623
854.236, 0.787064
855.237, 0.78519
856.237, 0.784522
857.238, 0.784872
858.239, 0.785259
859.239, 0.784619
860.24, 0.782682
861.241, 0.780147
862.241, 0.778022
863.242, 0.776809
864.243, 0.776281
865.243, 0.77586
866.244, 0.775111
867.245, 0.773911
868.245, 0.77236
869.246, 0.770676
870.247, 0.769137
871.247, 0.767968
872.248, 0.767155
873.249, 0.766378
874.249, 0.765233
875.25, 0.763591
876.251, 0.761744
877.252, 0.760165
878.252, 0.759089
879.253, 0.758335
880.254, 0.757507
881.254, 0.756344
882.255, 0.754875
883.256, 0.753277
884.256, 0.751657
885.257, 0.750013
886.258, 0.74836
887.258, 0.746831
888.259, 0.745581
889.26, 0.744608
890.26, 0.7437
891.261, 0.742587
892.262, 0.741151
893.262, 0.739477
894.263, 0.737716
895.264, 0.735927
896.264, 0.734072
897.265, 0.732139
898.266, 0.730242
899.266, 0.728551
900.267, 0.727137
901.268, 0.725892
902.268, 0.724614
903.269, 0.723176
904.27, 0.721595
905.27, 0.71994
906.271, 0.718209
907.272, 0.716306
908.272, 0.714147
909.273, 0.711776
910.274, 0.70936
911.274, 0.707056
912.275, 0.704896
913.276, 0.702801
914.276, 0.7007
915.277, 0.698618
916.278, 0.696647
917.278, 0.694821
918.279, 0.693047
919.28, 0.69116
920.28, 0.689056
921.281, 0.686755
922.282, 0.684351
923.282, 0.681889
924.283, 0.679316
925.284, 0.676539
926.284, 0.673543
927.285, 0.670431
928.286, 0.667349
929.286, 0.664372
930.287, 0.661459
931.288, 0.658525
932.288, 0.655543
933.289, 0.652588
934.29, 0.649756
935.29, 0.647061
936.291, 0.644404
937.292, 0.641648
938.292, 0.638726
939.293, 0.635678
940.294, 0.632585
941.294, 0.629464
942.295, 0.626233
943.296, 0.622781
944.296, 0.619066
945.297, 0.61516
946.298, 0.61118
947.298, 0.607193
948.299, 0.603165
949.3, 0.599015
950.3, 0.594716
951.301, 0.590339
952.302, 0.586009
953.302, 0.581801
954.303, 0.577686
955.304, 0.573563
956.304, 0.569359
957.305, 0.565093
958.306, 0.560851
959.306, 0.556697
960.307, 0.552597
961.308, 0.548435
962.308, 0.5441
963.309, 0.539566
964.31, 0.534898
965.31, 0.530179
966.311, 0.525419
967.312, 0.520539
968.312, 0.515432
969.313, 0.510057
970.314, 0.504472
971.314, 0.49879
972.315, 0.493085
973.316, 0.487337
974.316, 0.481464
975.317, 0.475404
976.318, 0.469189
977.318, 0.46293
978.319, 0.456735
979.32, 0.450635
980.32, 0.444566
981.321, 0.438436
982.322, 0.432209
983.322, 0.425941
984.323, 0.419733
985.324, 0.41365
986.324, 0.407657
987.325, 0.401645
988.326, 0.395509
989.326, 0.389227
990.327, 0.382865
991.328, 0.376511
992.328, 0.370193
993.329, 0.363843
994.33, 0.357343
995.33, 0.350611
996.331, 0.343656
997.332, 0.336571
998.332, 0.329453
999.333, 0.322327
1000.33, 0.315128
1001.33, 0.307757
1002.33, 0.300167
1003.34, 0.292406
1004.34, 0.284594
1005.34, 0.276842
1006.34, 0.269181
1007.34, 0.261555
1008.34, 0.253878
1009.34, 0.246118
1010.34, 0.238338
1011.34, 0.230666
1012.34, 0.223211
1013.34, 0.215999
1014.34, 0.208962
1015.34, 0.202004
1016.34, 0.195076
1017.34, 0.188222
1018.35, 0.181553
1019.35, 0.175165
1020.35, 0.169075
1021.35, 0.163201
1022.35, 0.157424
1023.35, 0.151668
1024.35, 0.145951
1025.35, 0.140367
1026.35, 0.135017
1027.35, 0.129932
1028.35, 0.125046
1029.35, 0.120242
1030.35, 0.115431
1031.35, 0.110615
1032.35, 0.105888
1033.36, 0.101374
1034.36, 0.0971494
1035.36, 0.093197
1036.36, 0.0894279
1037.36, 0.0857543
1038.36, 0.0821621
1039.36, 0.0787369
1040.36, 0.0756228
1041.36, 0.0729447
1042.36, 0.0707435
1043.36, 0.0689693
1044.36, 0.067534
1045.36, 0.0663901
1046.36, 0.0655811
1047.36, 0.0652322
1048.37, 0.0654863
1049.37, 0.0664273
1050.37, 0.0680397
1051.37, 0.0702305
1052.37, 0.0728981
1053.37, 0.0760038
1054.37, 0.0795999
1055.37, 0.0837974
1056.37, 0.0886937
1057.37, 0.0943066
1058.37, 0.100555
1059.37, 0.1073
1060.37, 0.114418
1061.37, 0.121862
1062.37, 0.129675
1063.38, 0.137945
1064.38, 0.146732
1065.38, 0.156015
1066.38, 0.165682
1067.38, 0.175582
1068.38, 0.185594
1069.38, 0.195682
1070.38, 0.205896
1071.38, 0.216327
1072.38, 0.227032
1073.38, 0.237992
1074.38, 0.249101
1075.38, 0.260223
1076.38, 0.271251
1077.38, 0.28216
1078.39, 0.293009
1079.39, 0.303892
1080.39, 0.314874
1081.39, 0.325945
1082.39, 0.337013
1083.39, 0.34795
1084.39, 0.358649
1085.39, 0.369077
1086.39, 0.379278
1087.39, 0.389339
1088.39, 0.399326
1089.39, 0.409238
1090.39, 0.418998
1091.39, 0.428483
1092.39, 0.43758
1093.4, 0.446236
1094.4, 0.454476
1095.4, 0.462373
1096.4, 0.470002
1097.4, 0.477384
1098.4, 0.484472
1099.4, 0.491167
1100.4, 0.497364
1101.4, 0.502999
1102.4, 0.508081
1103.4, 0.512678
1104.4, 0.516876
1105.4, 0.520733
1106.4, 0.52425
1107.4, 0.527367
1108.41, 0.530001
1109.41, 0.532089
1110.41, 0.533621
1111.41, 0.534652
1112.41, 0.535269
1113.41, 0.535559
1114.41, 0.535563
1115.41, 0.535266
1116.41, 0.534612
1117.41, 0.533537
1118.41, 0.532012
1119.41, 0.530056
1120.41, 0.52774
1121.41, 0.525149
1122.41, 0.522353
1123.42, 0.519375
1124.42, 0.516187
1125.42, 0.512735
1126.42, 0.508969
1127.42, 0.504873
1128.42, 0.500477
1129.42, 0.495849
1130.42, 0.491063
1131.42, 0.48617
1132.42, 0.481179
1133.42, 0.476058
1134.42, 0.470756
1135.42, 0.46523
1136.42, 0.459471
1137.42, 0.453511
1138.43, 0.447409
1139.43, 0.441228
1140.43, 0.43501
1141.43, 0.42876
1142.43, 0.422446
1143.43, 0.416025
1144.43, 0.40946
1145.43, 0.402744
1146.43, 0.395903
1147.43, 0.388992
1148.43, 0.382065
1149.43, 0.375161
1150.43, 0.368285
1151.43, 0.361415
1152.43, 0.354511
1153.44, 0.347542
1154.44, 0.340498
1155.44, 0.3334
1156.44, 0.32629
1157.44, 0.319218
1158.44, 0.31222
1159.44, 0.305307
1160.44, 0.298463
1161.44, 0.291657
1162.44, 0.284856
1163.44, 0.278045
1164.44, 0.271236
1165.44, 0.264457
1166.44, 0.257751
1167.44, 0.251152
1168.45, 0.244676
1169.45, 0.238315
1170.45, 0.232043
1171.45, 0.22583
1172.45, 0.219654
1173.45, 0.213514
1174.45, 0.207426
1175.45, 0.201422
1176.45, 0.195533
1177.45, 0.189778
1178.45, 0.184159
1179.45, 0.178659
1180.45, 0.173251
1181.45, 0.16791
1182.45, 0.162624
1183.46, 0.157396
1184.46, 0.152246
1185.46, 0.1472
1186.46, 0.142279
1187.46, 0.137494
1188.46, 0.132839
1189.46, 0.128296
1190.46, 0.123839
1191.46, 0.119451
1192.46, 0.115123
1193.46, 0.110863
1194.46, 0.106689
1195.46, 0.10262
1196.46, 0.0986748
1197.46, 0.0948567
1198.47, 0.0911585
1199.47, 0.087563
1200.47, 0.0840503
1201.47, 0.0806056
1202.47, 0.0772242
1203.47, 0.0739129
1204.47, 0.0706866
1205.47, 0.0675626
1206.47, 0.0645535
1207.47, 0.0616628
1208.47, 0.0588834
1209.47, 0.0562011
1210.47, 0.0535993
1211.47, 0.0510656
1212.47, 0.0485956
1213.48, 0.0461941
1214.48, 0.043873
1215.48, 0.0416459
1216.48, 0.0395237
1217.48, 0.0375096
1218.48, 0.0355989
1219.48, 0.0337802
1220.48, 0.0320396
1221.48, 0.0303657
1222.48, 0.0287529
1223.48, 0.0272032
1224.48, 0.0257244
1225.48, 0.0243273
1226.48, 0.0230212
1227.48, 0.0218101
1228.49, 0.020692
1229.49, 0.0196587
1230.49, 0.018699
1231.49, 0.017802
1232.49, 0.0169608
1233.49, 0.0161739
1234.49, 0.0154454
1235.49, 0.0147825
1236.49, 0.0141932
1237.49, 0.0136826
1238.49, 0.0132512
1239.49, 0.0128946
1240.49, 0.0126046
1241.49, 0.012372
1242.49, 0.0121889
1243.5, 0.012051
1244.5, 0.0119587
1245.5, 0.0119157
1246.5, 0.0119279
1247.5, 0.0120007
1248.5, 0.012137
1249.5, 0.012336
1250.5, 0.0125934
1251.5, 0.0129025
1252.5, 0.013256
1253.5, 0.0136484
1254.5, 0.0140768
1255.5, 0.0145415
1256.5, 0.0150456
1257.51, 0.0155935
1258.51, 0.0161889
1259.51, 0.016834
1260.51, 0.0175281
1261.51, 0.0182682
1262.51, 0.0190493
1263.51, 0.019866
1264.51, 0.0207141
1265.51, 0.021591
1266.51, 0.0224966
1267.51, 0.0234328
1268.51, 0.0244027
1269.51, 0.0254092
1270.51, 0.0264543
1271.51, 0.0275381
1272.52, 0.028659
1273.52, 0.0298137
1274.52, 0.0309984
1275.52, 0.0322094
1276.52, 0.0334443
1277.52, 0.0347019
1278.52, 0.0359829
1279.52, 0.037289
1280.52, 0.0386225
1281.52, 0.0399853
1282.52, 0.0413784
1283.52, 0.0428016
1284.52, 0.044253
1285.52, 0.0457302
1286.52, 0.0472301
1287.53, 0.0487498
1288.53, 0.0502875
1289.53, 0.0518422
1290.53, 0.0534145
1291.53, 0.0550056
1292.53, 0.0566172
1293.53, 0.0582509
1294.53, 0.0599076
1295.53, 0.0615871
1296.53, 0.0632879
1297.53, 0.0650079
1298.53, 0.0667444
1299.53, 0.0684945
1300.53, 0.0702563
1301.53, 0.0720287
1302.54, 0.0738118
1303.54, 0.0756066
1304.54, 0.0774147
1305.54, 0.079238
1306.54, 0.0810774
1307.54, 0.0829331
1308.54, 0.0848041
1309.54, 0.0866884
1310.54, 0.0885831
1311.54, 0.0904854
1312.54, 0.0923928
1313.54, 0.0943041
1314.54, 0.096219
1315.54, 0.0981385
1316.54, 0.100065
1317.55, 0.101999
1318.55, 0.103944
1319.55, 0.1059
1320.55, 0.107866
1321.55, 0.10984
1322.55, 0.111821
1323.55, 0.113803
1324.55, 0.115785
1325.55, 0.117765
1326.55, 0.119743
1327.55, 0.121719
1328.55, 0.123696
1329.55, 0.125676
1330.55, 0.127662
1331.55, 0.129655
1332.56, 0.131655
1333.56, 0.13366
1334.56, 0.135668
1335.56, 0.137676
1336.56, 0.139679
1337.56, 0.141677
1338.56, 0.143668
1339.56, 0.145653
1340.56, 0.147635
1341.56, 0.149615
1342.56, 0.151598
1343.56, 0.153585
1344.56, 0.155578
1345.56, 0.157575
1346.56, 0.159575
1347.57, 0.161574
1348.57, 0.163568
1349.57, 0.165555
1350.57, 0.167533
1351.57, 0.169501
1352.57, 0.171463
1353.57, 0.173421
1354.57, 0.175378
1355.57, 0.177338
1356.57, 0.179302
1357.57, 0.181272
1358.57, 0.183245
1359.57, 0.18522
1360.57, 0.187191
1361.57, 0.189156
1362.58, 0.191111
1363.58, 0.193057
1364.58, 0.194992
1365.58, 0.19692
1366.58, 0.198845
1367.58, 0.20077
1368.58, 0.202698
1369.58, 0.204632
1370.58, 0.206571
1371.58, 0.208514
1372.58, 0.210457
1373.58, 0.212396
1374.58, 0.214328
1375.58, 0.21625
1376.58, 0.218161
1377.59, 0.220061
1378.59, 0.221954
1379.59, 0.223843
1380.59, 0.225733
1381.59, 0.227626
1382.59, 0.229525
1383.59, 0.231429
1384.59, 0.233338
1385.59, 0.235246
1386.59, 0.237151
1387.59, 0.239048
1388.59, 0.240934
1389.59, 0.242808
1390.59, 0.24467
1391.59, 0.246524
1392.6, 0.248373
1393.6, 0.250221
1394.6, 0.252071
1395.6, 0.253927
1396.6, 0.255787
1397.6, 0.257652
1398.6, 0.259518
1399.6, 0.26138
1400.6, 0.263234
1401.6, 0.265077
1402.6, 0.266907
1403.6, 0.268724
1404.6, 0.270529
1405.6, 0.272327
1406.6, 0.274121
1407.61, 0.275916
1408.61, 0.277714
1409.61, 0.279516
1410.61, 0.281323
1411.61, 0.28313
1412.61, 0.284936
1413.61, 0.286735
1414.61, 0.288523
1415.61, 0.290297
1416.61, 0.292057
1417.61, 0.293803
1418.61, 0.295537
1419.61, 0.297264
1420.61, 0.298987
1421.61, 0.300712
1422.62, 0.302439
1423.62, 0.30417
1424.62, 0.305903
1425.62, 0.307636
1426.62, 0.309365
1427.62, 0.311085
1428.62, 0.312793
1429.62, 0.314485
1430.62, 0.316161
1431.62, 0.317823
1432.62, 0.319473
1433.62, 0.321115
1434.62, 0.322754
1435.62, 0.324393
1436.62, 0.326034
1437.63, 0.327679
1438.63, 0.329326
1439.63, 0.330973
1440.63, 0.332614
1441.63, 0.334246
1442.63, 0.335866
1443.63, 0.33747
1444.63, 0.339057
1445.63, 0.340629
1446.63, 0.342189
1447.63, 0.34374
1448.63, 0.345287
1449.63, 0.346834
1450.63, 0.348383
1451.63, 0.349935
1452.64, 0.351491
1453.64, 0.353047
1454.64, 0.354599
1455.64, 0.356144
1456.64, 0.357677
1457.64, 0.359195
1458.64, 0.360698
1459.64, 0.362184
1460.64, 0.363657
1461.64, 0.36512
1462.64, 0.366578
1463.64, 0.368034
1464.64, 0.369492
1465.64, 0.370955
1466.64, 0.372422
1467.65, 0.373891
1468.65, 0.37536
1469.65, 0.376824
1470.65, 0.378279
1471.65, 0.379722
1472.65, 0.38115
1473.65, 0.382563
1474.65, 0.383961
1475.65, 0.385347
1476.65, 0.386726
1477.65, 0.388101
1478.65, 0.389476
1479.65, 0.390855
1480.65, 0.39224
1481.65, 0.393629
1482.66, 0.395022
1483.66, 0.396414
1484.66, 0.397802
1485.66, 0.399182
1486.66, 0.400549
1487.66, 0.401903
1488.66, 0.403241
1489.66, 0.404566
1490.66, 0.40588
1491.66, 0.407187
1492.66, 0.408491
1493.66, 0.409796
1494.66, 0.411105
1495.66, 0.412421
1496.66, 0.413742
1497.67, 0.415067
1498.67, 0.416394
1499.67, 0.417718
1500.67, 0.419034
1501.67, 0.42034
1502.67, 0.421633
1503.67, 0.422911
1504.67, 0.424176
1505.67, 0.425429
1506.67, 0.426675
1507.67, 0.427916
1508.67, 0.429158
1509.67, 0.430404
1510.67, 0.431655
1511.67, 0.432913
1512.68, 0.434177
1513.68, 0.435444
1514.68, 0.436709
1515.68, 0.437971
1516.68, 0.439223
1517.68, 0.440464
1518.68, 0.441691
1519.68, 0.442904
1520.68, 0.444104
1521.68, 0.445294
1522.68, 0.446478
1523.68, 0.44766
1524.68, 0.448843
1525.68, 0.450031
1526.68, 0.451225
1527.69, 0.452426
1528.69, 0.453631
1529.69, 0.454839
1530.69, 0.456045
1531.69, 0.457245
1532.69, 0.458436
1533.69, 0.459615
1534.69, 0.46078
1535.69, 0.461931
1536.69, 0.46307
1537.69, 0.464199
1538.69, 0.465321
1539.69, 0.466442
1540.69, 0.467563
1541.69, 0.468689
1542.7, 0.469822
1543.7, 0.47096
1544.7, 0.472103
1545.7, 0.473248
1546.7, 0.474392
1547.7, 0.47553
1548.7, 0.47666
1549.7, 0.477778
1550.7, 0.478882
1551.7, 0.479971
1552.7, 0.481048
1553.7, 0.482114
1554.7, 0.483173
1555.7, 0.484228
1556.7, 0.485283
1557.71, 0.486342
1558.71, 0.487406
1559.71, 0.488476
1560.71, 0.489551
1561.71, 0.490629
1562.71, 0.491707
1563.71, 0.492782
1564.71, 0.493849
1565.71, 0.494906
1566.71, 0.49595
1567.71, 0.49698
1568.71, 0.497996
1569.71, 0.499
1570.71, 0.499995
1571.71, 0.500983
1572.72, 0.50197
1573.72, 0.502958
1574.72, 0.50395
1575.72, 0.504947
1576.72, 0.50595
1577.72, 0.506958
1578.72, 0.507969
1579.72, 0.508978
1580.72, 0.509984
1581.72, 0.510982
1582.72, 0.511969
1583.72, 0.512943
1584.72, 0.513904
1585.72, 0.514851
1586.72, 0.515787
1587.73, 0.516713
1588.73, 0.517635
1589.73, 0.518554
1590.73, 0.519475
1591.73, 0.5204
1592.73, 0.52133
1593.73, 0.522267
1594.73, 0.523209
1595.73, 0.524154
1596.73, 0.525099
1597.73, 0.526041
1598.73, 0.526976
1599.73, 0.527901
1600.73, 0.528814
1601.73, 0.529715
1602.74, 0.530602
1603.74, 0.531477
1604.74, 0.532344
1605.74, 0.533204
1606.74, 0.534061
1607.74, 0.53492
1608.74, 0.535782
1609.74, 0.536649
1610.74, 0.537523
1611.74, 0.538403
1612.74, 0.539287
1613.74, 0.540174
1614.74, 0.54106
1615.74, 0.541942
1616.74, 0.542816
1617.75, 0.543679
1618.75, 0.544531
1619.75, 0.545371
1620.75, 0.546198
1621.75, 0.547015
1622.75, 0.547824
1623.75, 0.548629
1624.75, 0.549432
1625.75, 0.550238
1626.75, 0.551048
1627.75, 0.551864
1628.75, 0.552687
1629.75, 0.553517
1630.75, 0.554351
1631.75, 0.555188
1632.76, 0.556024
1633.76, 0.556856
1634.76, 0.55768
1635.76, 0.558496
1636.76, 0.5593
1637.76, 0.560092
1638.76, 0.560872
1639.76, 0.561643
1640.76, 0.562406
1641.76, 0.563165
1642.76, 0.563923
1643.76, 0.564682
1644.76, 0.565446
1645.76, 0.566216
1646.76, 0.566994
1647.77, 0.567778
1648.77, 0.568568
1649.77, 0.569361
1650.77, 0.570155
1651.77, 0.570947
1652.77, 0.571733
1653.77, 0.57251
1654.77, 0.573278
1655.77, 0.574034
1656.77, 0.574779
1657.77, 0.575513
1658.77, 0.576239
1659.77, 0.576959
1660.77, 0.577677
1661.77, 0.578395
1662.78, 0.579117
1663.78, 0.579843
1664.78, 0.580577
1665.78, 0.581318
1666.78, 0.582066
1667.78, 0.582819
1668.78, 0.583574
1669.78, 0.58433
1670.78, 0.585082
1671.78, 0.585829
1672.78, 0.586567
1673.78, 0.587294
1674.78, 0.588011
1675.78, 0.588717
1676.78, 0.589413
1677.79, 0.5901
1678.79, 0.590783
1679.79, 0.591463
1680.79, 0.592144
1681.79, 0.592828
1682.79, 0.593517
1683.79, 0.594213
1684.79, 0.594916
1685.79, 0.595625
1686.79, 0.59634
1687.79, 0.597058
1688.79, 0.597777
1689.79, 0.598493
1690.79, 0.599203
1691.79, 0.599906
1692.8, 0.600599
1693.8, 0.601281
1694.8, 0.601952
1695.8, 0.602614
1696.8, 0.603266
1697.8, 0.603913
1698.8, 0.604555
1699.8, 0.605197
1700.8, 0.605841
1701.8, 0.60649
1702.8, 0.607144
1703.8, 0.607805
1704.8, 0.608473
1705.8, 0.609146
1706.8, 0.609824
1707.81, 0.610504
1708.81, 0.611183
1709.81, 0.611858
1710.81, 0.612527
1711.81, 0.613188
1712.81, 0.613839
1713.81, 0.614479
1714.81, 0.615108
1715.81, 0.615728
1716.81, 0.616339
1717.81, 0.616945
1718.81, 0.617548
1719.81, 0.61815
1720.81, 0.618754
1721.81, 0.619363
1722.82, 0.619978
1723.82, 0.620599
1724.82, 0.621226
1725.82, 0.62186
1726.82, 0.622497
1727.82, 0.623136
1728.82, 0.623774
1729.82, 0.62441
1730.82, 0.625039
1731.82, 0.62566
1732.82, 0.626272
1733.82, 0.626873
1734.82, 0.627464
1735.82, 0.628045
1736.82, 0.628617
1737.83, 0.629184
1738.83, 0.629746
1739.83, 0.630308
1740.83, 0.63087
1741.83, 0.631436
1742.83, 0.632007
1743.83, 0.632585
1744.83, 0.633169
1745.83, 0.633759
1746.83, 0.634353
1747.83, 0.634951
1748.83, 0.635549
1749.83, 0.636146
1750.83, 0.636738
1751.83, 0.637324
1752.84, 0.637901
1753.84, 0.638469
1754.84, 0.639026
1755.84, 0.639574
1756.84, 0.640112
1757.84, 0.640643
1758.84, 0.641168
1759.84, 0.64169
1760.84, 0.642212
1761.84, 0.642735
1762.84, 0.643263
1763.84, 0.643795
1764.84, 0.644334
1765.84, 0.644879
1766.84, 0.64543
1767.85, 0.645986
1768.85, 0.646545
1769.85, 0.647105
1770.85, 0.647663
1771.85, 0.648218
1772.85, 0.648766
1773.85, 0.649307
1774.85, 0.649838
1775.85, 0.650359
1776.85, 0.650871
1777.85, 0.651374
1778.85, 0.65187
1779.85, 0.65236
1780.85, 0.652846
1781.85, 0.653331
1782.86, 0.653818
1783.86, 0.654308
1784.86, 0.654803
1785.86, 0.655303
1786.86, 0.655811
1787.86, 0.656324
1788.86, 0.656844
1789.86, 0.657367
1790.86, 0.657892
1791.86, 0.658417
1792.86, 0.65894
1793.86, 0.659459
1794.86, 0.659971
1795.86, 0.660475
1796.86, 0.66097
1797.87, 0.661456
1798.87, 0.661932
1799.87, 0.662401
1800.87, 0.662863
1801.87, 0.66332
1802.87, 0.663775
1803.87, 0.664229
1804.87, 0.664684
1805.87, 0.665144
1806.87, 0.665609
1807.87, 0.66608
1808.87, 0.666557
1809.87, 0.667041
1810.87, 0.66753
1811.87, 0.668024
1812.88, 0.66852
1813.88, 0.669016
1814.88, 0.669511
1815.88, 0.670001
1816.88, 0.670486
1817.88, 0.670963
1818.88, 0.671432
1819.88, 0.671892
1820.88, 0.672344
1821.88, 0.672787
1822.88, 0.673224
1823.88, 0.673655
1824.88, 0.674083
1825.88, 0.674511
1826.88, 0.674939
1827.89, 0.675371
1828.89, 0.675807
1829.89, 0.67625
1830.89, 0.676698
1831.89, 0.677153
1832.89, 0.677615
1833.89, 0.678081
1834.89, 0.678551
1835.89, 0.679022
1836.89, 0.679494
1837.89, 0.679962
1838.89, 0.680427
1839.89, 0.680885
1840.89, 0.681336
1841.89, 0.681779
1842.9, 0.682213
1843.9, 0.682639
1844.9, 0.683058
1845.9, 0.68347
1846.9, 0.683878
1847.9, 0.684283
1848.9, 0.684687
1849.9, 0.685093
1850.9, 0.685502
1851.9, 0.685915
1852.9, 0.686334
1853.9, 0.68676
1854.9, 0.687192
1855.9, 0.68763
1856.9, 0.688073
1857.91, 0.68852
1858.91, 0.688969
1859.91, 0.689418
1860.91, 0.689865
1861.91, 0.690309
1862.91, 0.690747
1863.91, 0.691178
1864.91, 0.691602
1865.91, 0.692017
1866.91, 0.692424
1867.91, 0.692823
1868.91, 0.693216
1869.91, 0.693604
1870.91, 0.693988
1871.91, 0.694371
1872.92, 0.694754
1873.92, 0.695139
1874.92, 0.695527
1875.92, 0.695921
1876.92, 0.696321
1877.92, 0.696727
1878.92, 0.697139
1879.92, 0.697557
1880.92, 0.697979
1881.92, 0.698405
1882.92, 0.698832
1883.92, 0.699259
1884.92, 0.699683
1885.92, 0.700104
1886.92, 0.700519
1887.93, 0.700927
1888.93, 0.701328
1889.93, 0.701721
1890.93, 0.702106
1891.93, 0.702483
1892.93, 0.702854
1893.93, 0.70322
1894.93, 0.703582
1895.93, 0.703943
1896.93, 0.704303
1897.93, 0.704665
1898.93, 0.705031
1899.93, 0.705401
1900.93, 0.705777
1901.93, 0.706159
1902.94, 0.706547
1903.94, 0.70694
1904.94, 0.707338
1905.94, 0.70774
1906.94, 0.708144
1907.94, 0.708548
1908.94, 0.708951
1909.94, 0.70935
1910.94, 0.709745
1911.94, 0.710134
1912.94, 0.710516
1913.94, 0.71089
1914.94, 0.711256
1915.94, 0.711615
1916.94, 0.711967
1917.95, 0.712313
1918.95, 0.712654
1919.95, 0.712992
1920.95, 0.713329
1921.95, 0.713667
1922.95, 0.714006
1923.95, 0.71435
1924.95, 0.714697
1925.95, 0.71505
1926.95, 0.715409
1927.95, 0.715774
1928.95, 0.716144
1929.95, 0.716519
1930.95, 0.716897
1931.95, 0.717276
1932.96, 0.717657
1933.96, 0.718036
1934.96, 0.718412
1935.96, 0.718783
1936.96, 0.719149
1937.96, 0.719508
1938.96, 0.71986
1939.96, 0.720204
1940.96, 0.72054
1941.96, 0.72087
1942.96, 0.721194
1943.96, 0.721513
1944.96, 0.721828
1945.96, 0.722142
1946.96, 0.722455
1947.97, 0.72277
1948.97, 0.723088
1949.97, 0.723409
1950.97, 0.723736
1951.97, 0.724068
1952.97, 0.724406
1953.97, 0.724749
1954.97, 0.725097
1955.97, 0.725449
1956.97, 0.725804
1957.97, 0.726161
1958.97, 0.726517
1959.97, 0.726871
1960.97, 0.727223
1961.97, 0.72757
1962.98, 0.727911
1963.98, 0.728245
1964.98, 0.728572
1965.98, 0.728892
1966.98, 0.729205
1967.98, 0.729511
1968.98, 0.729812
1969.98, 0.730107
1970.98, 0.7304
1971.98, 0.730691
1972.98, 0.730982
1973.98, 0.731274
1974.98, 0.731568
1975.98, 0.731866
1976.98, 0.73217
1977.99, 0.732478
1978.99, 0.732792
1979.99, 0.733111
1980.99, 0.733436
1981.99, 0.733764
1982.99, 0.734096
1983.99, 0.73443
1984.99, 0.734764
1985.99, 0.735097
1986.99, 0.735428
1987.99, 0.735755
1988.99, 0.736078
1989.99, 0.736394
1990.99, 0.736704
1991.99, 0.737006
1993, 0.737302
1994, 0.737591
1995, 0.737874
1996, 0.738152
1997, 0.738426
1998, 0.738697
1999, 0.738967
2000, 0.739238


